5004
4.596
2.28
5.037
2.182
6.42
11.132
3.292
12.6
3.892
2.956
0.73
14.943
15.221
3.282
4.039
16.002
15.753
15.042
13.088
7.621
4.554
14.659
3.039
15.009
4.285
1.935
7.265
2.084
0.481
12.975
9.257
5.189
5.644
9.086
11.961
7.843
9.922
8.382
15.933
10.572
2.39
9.925
15.008
7.287
11.374
2.821
1.996
4.344
15.439
14.946
11.296
8.297
13.046
2.37
2.034
4.38
5.6
8.153
10.028
8.71
9.965
4.04
9.91
1.244
14.456
5.205
12.286
9.399
7.21
14.378
4.016
15.853
10.24
3.801
8.392
13.944
2.802
13.034
7.996
12.17
0.199
16.026
1.103
11.463
15.198
13.157
9.417
14.556
4.751
12.916
10.039
10.27
2.889
9.141
12.21
11.562
0.417
0.425
1.794
4.518
11.385
12.53
15.482
6.489
14.282
7.361
4.242
6.195
13.477
10.279
11.122
8.293
14.099
4.856
9.645
1.303
14.462
4.542
4.421
10.725
6.416
1.879
5.208
1.096
5.776
1.52
13.432
10.136
9.38
3.02
13.814
3.83
16.374
0.89
13.828
4.166
0.919
10.514
6.297
14.17
4.199
10.046
6.47
4.144
15.026
6.182
4.166
15.324
14.926
16.075
1.368
12.224
5.811
14.487
10.959
2.753
0.666
10.421
2.734
7.255
5.142
8.903
2.627
10.382
4.988
15.26
9.53
8.879
11.147
4.598
10.726
11.329
8.679
1.629
9.071
12.355
1.971
10.611
0.237
12.03
1.854
5.973
7.158
12.566
0.927
9.591
6.835
13.555
10.676
7.986
2.296
12.096
11.757
7.991
2.901
4.829
10.203
8.715
1.852
2.67
0.242
12.989
12.645
2.673
0.124
6.915
6.42
9.484
13.209
5.631
6.648
2.813
9.398
13.616
4.579
14.09
10.906
0.625
9.565
9.443
1.187
11.609
15.182
4.794
13.832
13.902
8.657
3.4
1.799
5.102
2.99
14.724
2.028
0.378
11.306
6.657
11.255
13.337
12.375
0.517
1.412
2.102
9.297
13.479
0.17
13.243
13.617
0.254
3.188
16.172
0.679
15.499
5.216
8.934
9.075
4.832
4.638
14.68
11.467
5.373
3.38
5.643
1.219
12.329
2.634
1.951
3.678
11.663
10.177
15.593
10.466
10.393
14.891
14.662
16.309
1.253
1.712
14.618
7.245
3.244
12.515
2.434
6.828
8.18
13.959
10.939
1.494
12.241
6.309
8.14
9.121
1.21
1.81
3.489
5.801
9.947
11.903
3.597
14.624
9.569
13.588
15.88
11.701
14.923
11.567
5.342
15.285
5.483
11.907
1.491
14.329
8.525
4.995
10.411
5.033
1.888
8.662
12.646
4.158
1.836
5.668
12.572
8.021
14.32
3.906
14.43
0.26
13.685
8.818
15.797
2.47
12.153
13.103
10.44
3.525
0.679
10.61
13.803
6.757
1.986
10.319
6.818
11.778
10.472
7.669
11.03
2.201
11.454
15.018
15.309
10.695
10.319
10.007
13.397
1.594
15.362
3.968
5.167
9.348
5.896
1.121
14.105
4.69
15.223
4.3
10.44
12.33
3.667
12.441
10.509
12.551
6.788
11.039
2.139
3.809
12.94
11.27
13.209
7.304
4.023
7.455
16.289
3.792
4.972
11.702
9.241
14.169
4.941
4.999
5.898
13.676
15.5
2.07
6.251
3.457
11.744
4.149
13.268
9.638
9.87
7.018
9.742
6.83
10.985
12.739
12.472
0.92
4.052
9.258
13.648
13.85
4.343
5.621
11.114
14.103
10.151
8.648
10.684
3.881
9.056
16.168
15.013
13.615
13.31
0.426
9.939
8.252
12.451
4.649
14.223
15.56
13.72
4.688
14.575
6.748
14.678
0.264
7.871
7.431
5.401
15.073
13.431
12.822
9.486
13.791
10.701
11.891
3.144
5.746
2.473
10.817
2.675
6.265
16.34
14.018
2.991
13.219
4.092
2.322
10.046
10.301
10.192
7.73
12.746
12.319
16.086
7.551
2.935
4.582
7.083
11.8
7.46
0.742
8.176
9.679
14.933
10.767
3.992
8.459
7.788
15.7
11.021
9.429
10.158
3.22
6.974
1.876
10.881
15.265
12.241
15.782
7.083
6.85
15.288
3.926
10.137
15.243
0.82
5.291
3.622
8.837
0.935
1.062
3.809
2.558
9.952
14.759
11.445
11.198
8.802
7.336
9.97
8.624
5.591
14.511
3.308
5.819
8.633
15.252
10.767
7.229
10.226
5.322
14.927
0.213
2.172
14.852
15.626
2.609
10.893
9.281
4.091
13.716
7.828
14.326
13.647
2.65
10.444
11.808
7.976
10.949
13.877
3.917
4.993
0.866
11.083
14.163
2.083
2.856
2.479
2.814
16.042
12.252
13.873
5.728
16.238
6.068
12.275
11.054
3.455
7.694
1.027
4.565
5.277
7.928
4.365
10.856
8.75
11.594
15.074
12.996
8.398
13.042
15.7
13.847
4.543
8.752
8.196
9.25
10.537
10.829
0.679
0.246
9.643
7.181
6.172
15.095
13.395
6.39
12.491
0.26
11.585
3.585
6.749
14.026
14.129
9.828
14.882
9.787
1.107
5.516
2.549
8.623
7.623
0.516
9.552
15.375
7.826
13.714
11.549
9.98
9.903
3.806
15.698
3.304
12.988
6.446
5.154
15.94
4.38
8.67
11.143
14.967
14.666
12.378
11.38
12.788
6.909
5.822
11.095
16.044
9.362
12.138
6.874
2.763
13.617
3.077
6.446
8.952
5.432
4.968
15.053
0.792
11.146
5.416
6.223
7.881
10.495
2.476
16.178
14.9
6.818
5.907
3.513
0.855
9.918
15.604
4.479
15.325
9.321
11.932
14.756
8.487
6.86
3.532
7.602
1.124
12.785
3.215
0.433
4.409
7.756
13.189
5.46
10.244
7.627
1.375
5.165
7.85
12.286
14.549
6.92
9.403
3.542
15.523
10.157
14.554
4.92
1.204
13.602
4.45
4.903
12.844
14.134
9.113
3.081
2.34
2.549
4.293
10.995
8.594
8.369
10.209
2.524
0.743
2.09
12.167
7.45
0.592
9.449
2.528
2.491
10.033
9.254
15.861
0.613
8.606
11.842
9.535
2.091
4.106
6.744
11.161
13.331
5.889
1.421
15.076
9.022
7.503
3.842
12.977
1.537
0.617
15.994
3.565
12.416
0.063
6.413
0.224
14.575
14.316
5.987
14.102
2.962
11.582
10.81
10.848
14.97
14.78
8.884
11.997
15.603
13.775
8.976
13.447
9.245
8.267
10.846
12.798
1.152
0.004
1.488
0.196
10.429
4.807
11.226
6.583
9.033
2.51
8.314
5.857
6.912
9.83
1.017
10.663
7.965
3.98
4.431
10.956
3.078
8.5
12.073
15.875
10.154
1.581
5.054
6.905
0.572
13.695
6.326
4.182
5.601
8.481
8.781
1.266
13.997
8.153
6.36
8.562
3.111
15.053
10.174
2.242
10.057
12.147
14.671
6.582
12.925
1.628
4.535
13.026
4.703
11.437
1.399
2.382
0.617
5.629
8.026
12.765
0.383
11.847
1.595
6.536
1.935
11.151
8.388
1.514
11.224
15.598
0.807
6.688
9.047
2.854
13.31
15.082
4.465
7.464
4.665
7.284
8.695
3.242
12.195
11.576
15.944
0.941
11.952
7.992
15.114
8.786
11.376
15.784
8.436
15.965
16.073
0.381
12.801
14.651
7.723
3.655
9.411
9.298
2.352
7.786
2.026
12.748
6.964
6.979
1.606
10.583
4.455
12.383
11.101
11.953
14.363
15.48
2.507
5.608
1.05
4.838
11.899
12.845
3.888
9.813
10.378
5.233
4.122
4.029
11.598
5.28
8.568
5.206
3.901
3.677
12.145
0.243
14.164
8.489
9.733
9.543
11.404
1.344
5.577
8.624
1.591
8.88
1.679
9.073
15.482
3.776
15.981
15.329
2.951
6.21
15.427
9.738
12.911
7.709
0.221
3.854
8.958
2.273
1.912
14.415
3.781
9.64
3.438
12.924
12.173
6.451
12.408
1.7
11.568
0.607
10.417
11.362
6.521
8.195
13.777
10.079
1.418
3.018
6.027
9.916
2.804
10.961
10.078
6.208
1.575
4.41
15.109
15.648
13.704
6.296
0.228
6.328
15.172
3.789
14.907
2.693
5.082
8.93
0.799
3.293
12.866
12.618
15.497
5.369
2.405
12.401
15.517
13.681
11.517
15.739
4.793
10.287
7.482
3.624
2.931
8.771
2.739
14.041
15.028
11.308
3.437
7.727
7.189
15.266
0.24
14.221
8.582
6.657
3.303
5.759
3.017
3.484
5.143
8.369
15.486
16.198
15.121
6.257
13.701
2.265
8.264
16.003
5.579
8.521
10.111
1.38
12.331
4.037
9.116
9.445
12.861
1.514
10.884
3.656
5.382
6.057
2.54
5.775
4.241
9.277
5.696
10.307
3.388
0.504
2.653
8.88
0.227
6.409
5.895
3.639
10.428
12.968
10.421
0.638
5.668
11.536
6.916
8.731
5.926
5.641
0.434
7.945
5.332
2.947
13.042
9.499
12.166
2.484
1.247
12.654
8.566
3.581
5.526
8.941
11.122
11.535
7.16
5.847
4.703
1.297
8.198
1.529
11.123
2.479
10.671
9.788
1.094
10.476
4.873
14.984
1.205
0.08
4.646
9.665
2.594
14.42
13.854
0.255
9.457
15.12
15.439
2.081
11.098
12.081
3.991
13.764
11.734
9.043
11.309
6.334
6.591
2.807
4.052
3.698
8.52
14.855
7.874
6.19
15.246
7.812
15.661
13.768
0.964
9.564
8.564
8.831
14.131
6.933
10.532
8.25
0.77
0.208
10.15
4.517
1.191
14.058
16.026
1.832
9.608
14.679
4.832
2.815
5.323
6.686
3.38
7.189
12.099
13.855
11.712
2.661
7.458
1.883
13.101
1.351
14.898
13.379
15.127
1.262
13.15
1.581
7.419
2.249
5.31
4.431
3.013
8.74
12.834
1.579
2.931
3.876
13.122
2.895
9.951
9.427
3.851
8.985
12.794
6.824
10.47
10.593
1.222
15.721
8.062
2.669
6.498
0.664
12.802
5.69
6.289
15.126
5.772
0.901
4.395
3.279
6.643
15.45
16.307
13.882
8.795
10.93
2.063
7.609
4.474
8.612
11.005
9.372
12.495
6.444
15.695
13.89
7.912
4.596
15.626
6.598
2.207
1.585
15.739
8.748
8.675
8.778
1.518
14.938
6.971
10.528
12.691
11.88
13.448
12.666
16.35
0.74
1.827
7.321
12.196
0.642
6.779
3.298
4.279
9.283
12.776
3.793
2.683
13.433
8.961
1.94
10.312
11.135
2.469
7.261
10.721
0.249
0.186
7.748
10.318
7.87
9.676
14.369
7.605
10.588
3.884
14.363
3.535
9.054
3.503
15.213
13.501
5.214
11.323
8.487
4.706
14.413
9.644
8.394
7.117
1.676
5.149
6.291
14.255
14.993
8.246
14.231
7.928
3.323
4.209
12.226
3
12.567
0.403
11.849
15.752
9.625
10.829
15.929
13.397
15.321
6.659
7.477
8.969
7.914
12.799
12.229
10.291
15.134
10.711
12.305
7.418
8.528
13.525
6.369
0.786
6.995
3.275
9.823
2.672
5.197
9.177
4.211
7.322
1.14
5.525
3.334
2.377
4.94
7.763
2.804
12.837
7.281
2.535
13.015
0.156
13.25
2.737
5.849
15.927
11.472
6.747
12.134
13.108
11.659
4.811
8.73
14.377
0.707
1.442
0.326
11.459
9.475
15.949
14.694
1.401
4.042
7.146
5.05
10.2
2.315
9.05
7.745
0.061
5.749
10.475
1.816
6.994
5.652
15.524
3.879
6.619
5.778
7.605
12.812
12.457
3.867
14.428
8.472
10.729
8.508
7.179
7.892
6.242
11.162
10.446
14.825
5.262
4.541
12.687
7.995
3.672
11.185
10.578
15.577
3.38
10.499
6.538
11.821
3.647
7.92
0.377
2.047
13.117
0.332
3.503
0.181
13.619
4.1
15.463
0.086
7.21
2.782
5.992
2.274
1.052
9.469
7.36
6.261
1.189
14.996
5.919
11.814
6.194
9.178
0.359
1.121
4.356
12.567
10.975
10.786
2.497
0.27
2.908
10.848
9.936
13.962
11.35
6.912
8.148
15.494
11.059
0.096
2.037
0.767
8.945
1.051
0.263
16.054
3.082
14.56
15.742
14.383
6.288
3.359
15.594
14.448
3.313
7.61
0.098
11.139
9.819
1.91
13.207
6.55
6.127
9.448
14.952
0.69
10.452
1.311
9.17
7.2
12.887
8.818
12.762
5.371
1.401
15.503
15.116
13.284
7.319
1.579
15.188
10.833
15.11
15.37
11.069
1.056
13.088
12.761
4.594
7.816
11.086
0.856
5.778
13.602
10.899
8.091
9.551
0.28
9.54
10.084
15.359
2.363
0.77
1.637
14.028
3.169
15.927
14.063
6.601
6.856
14.233
7.561
11.331
7.524
5.444
8.779
8.385
9.527
11.76
4.993
15.778
10.736
9.193
11.757
4.765
10.179
8.74
5.434
2.753
6.92
12.557
6.522
1.679
5.232
3.422
5.394
11.557
4.367
13.44
6.724
2.419
2.645
0.815
12.315
6.232
6.861
7.088
7.735
3.085
11.205
1.122
4.29
2.252
13.582
1.672
13.958
11.968
7.611
10.234
1.526
4.885
2.738
8.67
4.483
1.096
1.119
9.463
15.653
1.859
1.674
4.687
10.122
14.862
2.285
8.375
10.902
14.899
4.561
6.66
6.156
6.188
7.628
15.759
10.257
1.736
14.042
5.537
10.459
15.583
11.118
13.723
1.047
8.371
5.174
7.825
3.932
3.232
14.625
4.363
13.197
7.48
1.188
12.556
1.625
6.055
14.794
14.798
8.197
10.029
2.296
10.986
2.062
9.938
3.525
15.344
1.102
11.67
16.182
0.635
16.076
2.573
10.589
0.808
10.32
11.835
2.909
2.539
3.627
0.862
4.079
5.189
1.855
4.16
0.751
4.848
3.767
1.29
11.339
0.591
7.579
12.706
12.577
8.92
4.489
14.245
7.677
11.296
10.9
6.287
9.353
3.045
5.806
11.98
15.27
9.757
5.499
2.753
15.748
8.771
7.359
6.273
7.284
11.129
2.361
12.389
1.167
11.654
14.065
11.711
15.763
14.856
2.442
2.966
6.707
2.214
13.369
6.497
10.878
11.469
1.649
15.626
1.627
8.942
8.855
11.708
7.068
4.192
5.784
14.166
13.434
10.609
14.186
9.115
11.942
10.464
2.452
15.307
12.781
15.167
3.202
13.545
12.625
2.494
3.419
1.676
12.913
7.993
1.71
5.536
11.109
1.224
11.728
4.064
1.165
9.521
10.269
14.069
13.926
10.605
4.907
2.653
9.282
12.264
9.332
1.305
8.106
9.3
15.783
0.978
7.198
0.389
14.939
14.569
15.505
0.112
5.023
7.457
11.508
15.764
13.561
0.394
0.906
1.699
4.914
10.734
7.233
13.514
2.357
4.847
11.933
1.155
5.099
14.475
0.417
0.846
11.416
8.871
1.304
7.386
12.678
11.583
4.606
12.137
0.186
3.357
5.415
15.979
0.83
15.301
15.561
13.57
9.808
12.552
2.405
12.814
12.89
7.184
11.89
12.589
9.244
2.972
16.163
9.645
8.902
6.343
11.928
0.797
3.005
5.139
8.352
9.658
0.988
6.163
10.951
13.072
3.509
8.845
12.388
7.563
6.062
13.441
3.94
5.02
12.683
8.989
15.578
2.717
9.71
15.505
9.877
14.024
1.596
14.919
10.852
6.915
5.426
3.444
10.006
7.847
9.005
6.879
15.822
1.806
15.911
12.524
5.213
2.033
2.543
10.867
15.153
2.349
14.498
0.231
5.188
5.605
15.477
5.081
1.062
2.241
3.99
15.767
10.948
0.413
11.732
3.747
10.16
5.729
6.069
13.36
4.499
6.626
15.249
11.393
4.228
0.442
10.056
6.203
4.762
15.949
1.269
2.287
6.886
8.881
9.075
2.627
9.278
3.577
0.244
7.666
13.118
3.68
5.336
16.129
14.402
5.116
2.846
13.529
5.348
8.255
11.11
14.315
1.339
9.11
10.302
9.49
11.568
10.295
3.949
8.589
9.329
6.912
7.867
15.379
9.489
10.642
11.526
9.449
0.363
7.023
15.67
9.167
9.409
15.491
9.783
2.967
11.696
14.028
5.863
9.999
10.921
7.325
0.506
4.13
6.945
12.83
2.658
8.405
13.848
11.215
8.341
15.465
10.666
5.775
5.814
10.031
7.666
10.977
5.987
16.355
11.364
0.234
5.418
13.523
14.032
5.917
15.964
13.446
11.177
4.307
10.772
4.423
16.047
0.922
5.856
6.831
2.332
2.655
13.097
6.704
7.811
9.749
2.917
10.006
15.971
8.655
0.58
15.172
11.16
9.354
2.901
0.517
5.989
0.924
13.198
6.649
11.047
0.329
15.785
8.576
0.458
0.321
8.078
2.708
13.664
11.328
12.19
4.382
10.759
6.204
3.902
7.197
11.44
6.615
9.205
3.746
12.119
13.209
14.966
11.17
4.022
6.977
9.841
14.223
13.694
7.885
9.601
9.974
1.755
11.831
6.911
15.666
1.093
13.892
6.405
1.896
4.612
1.79
13.81
10.404
1.155
11.538
12.607
8.427
14.489
7.799
14.576
10.5
10.058
13.932
1.111
7.44
11.818
0.253
11.552
3.782
4.766
13.448
8.656
9.939
2.091
12.556
15.586
14.756
1.919
8.888
3.876
10.118
13.305
2.677
11.098
13.257
4.993
5.785
15.436
6.625
6.154
2.529
15.101
14.295
7.815
6.606
1.692
13.454
10.242
2.953
9.374
7.998
9.091
10.679
9.113
10.282
2.238
14.908
15.037
15.853
8.881
6.371
3.62
16.103
8.018
9.063
4.955
11.922
15.524
0.82
13.276
13.877
1.725
13.35
6.009
2.834
4.922
5.279
15.047
8.565
6.503
9.107
15.174
0.4
14.363
14.399
13.895
14.247
3.444
5.495
4.315
8.716
9.307
11.284
8.128
9.591
11.201
15.477
13.986
6.674
1.036
5.153
11.062
2.524
4.901
1.052
10.409
10.456
14.341
12.419
3.545
8.246
8.262
12.595
7.808
15.37
8.718
10.057
4.176
8.531
13.43
4.603
14.42
15.744
7.742
2.407
16.137
7.385
15.902
6.009
3.853
12.742
7.341
3.572
6.515
10.608
8.245
9.413
13.265
5.556
7.498
14.511
8.253
15.664
8.245
10.749
4.812
10.712
1.15
6.3
9.662
2.876
5.383
0.763
1.108
8.58
13.931
16.063
1.181
11.615
11.791
13.721
12.24
13.711
0.316
13.097
14.187
13.62
6.359
8.265
6.952
6.404
4.651
12.819
14.718
11.11
8.692
4.269
15.835
10.943
0.633
15.093
2.846
1.383
4.674
13.923
0.117
3.011
16.288
11.234
7.592
1.24
14.644
1.329
14.921
8.598
1.565
16.045
0.579
14.139
15.812
0.795
7.71
7.469
5.978
3.178
3.036
14.492
13.603
11.282
12.113
6.814
3.461
0.36
13.374
5.355
6.781
0.531
12.915
5.682
14.925
12.329
15.261
12.259
1.101
2.368
4.611
5.722
15.651
15.945
9.61
3.538
2.231
9.212
12.455
12.716
4.718
8.609
2.256
1.479
8.202
6.224
5.689
12.855
11.966
7.642
8.297
14.84
9.492
14.865
11.908
10.646
13.094
4.893
15.912
13.71
14.542
13.032
14.461
3.519
6.638
1.349
7.493
14.098
9.048
8.024
6.331
0.055
14.921
14.391
0.239
0.334
2.072
6.106
4.784
7.608
10.789
7.733
11.925
7.549
0.925
16.356
4.577
9.972
0.92
1.925
9.696
9.562
1.763
9.984
11.864
13.455
8.983
8.526
7.815
13.762
15.213
14.185
12.885
3.186
16.072
1.998
4.924
12.286
15.35
7.365
12.886
1.432
0.773
15.445
15.106
13.166
2.611
15.17
6.913
14.262
9.756
15.53
10.897
7.52
15.533
11.725
2.755
4.119
4.447
1.731
0.923
14.906
0.601
6.51
1.328
9.586
1.139
9.185
2.551
9.86
0.107
5.217
5.041
14.61
0.527
7.736
3.13
6.752
14.24
1.267
13.216
11.279
8.784
6.679
8.441
13.749
8.894
5.674
10.68
12.187
5.251
10.97
7.5
9.757
1.094
15.276
0.62
4.602
16.372
2.192
14.032
6.386
4.102
5.027
13.298
14.836
7.971
1.038
7.259
12.541
0.618
10.325
6.486
8.448
12.527
6.57
1.889
1.577
14.748
0.374
8.931
14.798
3.658
1.883
2.055
8.8
14.513
4.767
13.908
7.948
13.49
9.304
6.18
15.895
2.711
5.974
11.251
8.366
3.656
11.166
8.626
7.842
1.877
2.993
13.816
0.534
0.957
1.611
5.424
14.298
7.897
2.451
5.919
9.262
0.22
7.541
13.617
11.873
8.806
14.024
2.417
16.263
3.595
10.569
12.592
6.016
5.388
3.826
4.606
3.313
4.434
15.11
14.302
5.3
12.394
3.84
9.361
10.419
14.978
15.351
3.577
10.689
8.749
4.62
5.486
1.368
0.484
13.954
15.286
13.318
8.03
7.22
2.456
8.105
6.174
6.456
6.889
13.539
15.606
12.992
12.888
4.995
2.675
15.735
3.833
9.729
6.302
11.526
0.492
10.745
3.946
3.889
8.269
12.863
3.48
11.216
14.719
4.828
3.39
8.604
14.112
2.158
8.958
9.834
5.299
15.304
4.615
10.918
0.328
7.929
12.48
2.25
11.965
6.635
9.418
14.503
3.757
4.304
9.277
7.591
2.658
16.374
11.454
14.181
12.147
5.979
6.237
14.559
3.701
5.576
11.741
8.496
0.315
8.616
12.571
2.435
2.572
7.194
11.054
7.084
8.883
10.142
14.324
8.116
3.616
0.724
0.8
0.378
14.172
9.01
11.33
13.577
7.606
7.982
2.223
10.889
9.905
9.045
15.889
13.971
6.19
5.747
14.757
5.6
11.033
12.116
0.497
7.909
10.541
15.984
9.858
13.387
4.42
15.637
9.35
12.034
12.032
6.198
11.943
16.329
3.689
12.758
13.837
10.353
7.58
11.928
8.088
9.06
1.87
7.03
2.996
14.678
0.206
5.89
13.694
0.496
0.859
11.188
16.208
3.441
9.188
4.012
11.565
3.547
3.063
3.202
0.354
15.538
9.178
0.506
14.072
7.666
1.841
11.043
4.63
4.329
1.29
2.057
3.417
3.372
14.603
7.602
13.124
13.037
4.615
15.593
11.94
4.401
7.005
13.459
6.704
3.15
9.711
11.389
10.411
0.567
1.862
7.564
3.203
4.981
1.933
4.127
8.695
9.21
6.715
6.596
11.958
3.102
11.333
15.749
2.753
5.593
2.002
4.877
9.556
4.504
5.558
6.154
9.387
2.071
5.787
15.01
11.894
6.698
15.074
10.915
4.192
12.559
4.078
15.457
11.335
8.043
2.762
7.398
4.974
0.358
13.644
9.416
0.024
9.553
13.019
7.936
16.181
12.815
9.342
4.241
6.432
9.739
10.803
0.242
12.187
3.967
8.177
10.07
7.588
10.501
12.022
4.466
15.031
2.796
15.285
6.15
13.598
0.413
9.839
8.97
4.709
7.684
14.037
7.622
5.845
2.976
6.672
8.441
6.99
6.642
14.629
1.302
13.59
3.083
8.27
5.391
2.561
11.131
6.222
10.107
10.674
3.159
12.693
11.213
12.736
11.81
14.598
14.681
8.447
6.961
7.533
11.284
9.111
7.189
3.372
3.13
10.261
9.82
5.381
8.089
4.223
9.251
15.196
14.782
10.747
1.337
13.002
1.549
11.466
9.113
13.854
8.003
4.238
4.648
5.05
2.962
16.204
6.344
3.303
11.844
3.189
14.521
12.877
11.629
7.265
3.18
16.152
3.899
10.951
1.544
13.222
3.377
13.282
8.049
3.464
8.542
2.596
0.933
11.992
3.211
8.766
11.948
12.96
4.119
0.917
13.778
2.385
3.437
1.215
14.804
8.842
2.19
3.135
11.013
12.308
10.88
10.274
12.157
0.986
1.769
8.264
10.588
4.09
4.671
9.259
0.461
4.939
13.513
0.008
13.036
5.923
13.717
4.928
6.312
4.128
10.081
9.015
10.118
7.073
8.638
10.76
7.597
14.143
9.97
3.957
3.395
6.061
13.615
9.616
9.595
11.675
11.317
7.528
9.406
4.959
3.385
3.093
3.548
13.312
4.489
12.797
13.878
2.58
11.217
3.129
6.254
16.27
11.498
2.219
1.58
2.061
12.234
10.713
9.01
15.131
12.855
13.958
16.328
1.176
3.152
7.823
2.009
5.36
7.653
2.063
6.502
10.6
4.46
8.716
0.567
1.749
9.759
6.574
3.387
3.366
14.045
14.978
1.042
13.982
7.235
6.384
15.979
6.187
5.7
14.295
6.908
9.619
4.46
14.969
2.871
4.475
9.08
12.26
8.619
11.428
14.968
0.805
0.775
10.112
8.828
1.789
3.866
0.449
2.055
1.844
10.164
3.855
15.224
3.759
13.127
13.55
11.276
3.938
8.577
13.363
15.414
14.104
12.501
13.139
8.808
9.202
14.579
6.318
5.604
6.605
6.58
1.57
10.129
11.007
14.853
8.292
2.264
12.93
6.534
5.302
14.817
6.493
4.734
14.411
7.022
2.214
13.057
0.459
14.681
13.82
0.925
1.996
6.328
13.302
10.914
15.268
2.819
11.125
8.905
14.917
11.306
10.687
6.902
7.11
0.408
15.886
8.593
0.89
14.19
9.502
0.386
4.664
1.119
6.126
5.028
14.774
12.959
0.035
1.388
12.331
2.013
9.31
9.226
14.723
16.244
15.814
10.493
2.835
7.164
6.518
10.135
7.927
10.293
4.39
10.023
10.479
4.564
15.12
13.513
5.379
6.234
0.077
16.034
8.645
13.055
4.661
10.547
9.991
0.785
15.497
1.753
6.749
3.436
15.258
3.538
0.065
6.386
13.458
2.228
5.619
7.222
12.241
7.202
2.403
6.921
14.174
4.165
1.75
6.787
3.706
9.388
10.324
5.71
15.994
6.366
12.086
12.923
8.207
13.33
7.427
12.114
14.644
5.771
5.436
6.045
9.116
11.815
15.834
3.808
14.016
5.609
0.381
15.43
4.748
15.367
1.752
9.988
1.22
15.24
3.537
13.822
0.269
14.46
11.109
10.163
10.135
8.309
9.11
3.249
1.749
4.412
0.118
15.545
9.023
10.375
9.718
10.454
3.207
6.108
10.058
10.153
2.344
0.076
15.787
0.076
2.979
4.285
7.028
0.092
1.601
4.81
11.467
2.296
8.407
4.919
4.238
13.873
14.557
10.648
6.452
2.295
2.588
12.493
11.274
7.608
7.336
11.366
8.045
11.048
7.586
15.176
14.674
3.056
10.9
0.636
4.087
9.211
14.26
13.505
15.072
9.248
10.449
10.786
12.019
16.366
12.278
13.615
6.266
15.347
15.282
3.677
4.106
10.516
2.144
3.789
4.123
7.245
9.494
10.644
2.75
6.627
13.76
11.911
12.795
6.031
13.817
4.537
13.168
6.997
6.009
4.887
1.05
0.63
1.937
0.939
0.819
14.336
11.228
5.019
1.372
9.562
15.312
13.611
14.837
6.609
12.495
0.206
3.737
9.361
5.222
9.549
13.219
13.026
10.432
10.849
9.983
3.359
9.078
9.292
3.768
1.98
1.107
13.611
0.569
11.388
7.831
2.906
9.192
16.278
11.178
5.859
5.259
7.375
5.714
8.466
4.959
11.366
10.229
0.583
3.387
12.827
0.117
3.992
10.915
14.777
11.569
5.338
2.779
6.01
2.572
5.063
9.037
0.844
1.119
4.227
14.479
14.1
15.021
3.325
10.225
0.403
8.108
15.324
8.786
2.574
14.203
12.844
8.621
1.387
15.399
10.895
12.202
9.651
2.046
12.408
14.867
16.36
7.684
0.154
12.649
12.402
9.312
12.538
13.722
3.217
6.567
14.287
10.249
13.067
4.869
14.597
7.492
12.679
2.046
6.436
1.144
1.025
11.011
16.317
11.744
8.392
13.939
12.664
2.392
10.026
8.601
5.859
2.871
0.57
3.369
10.731
6.978
2.665
3.442
10.906
6.21
12.503
8.604
15.132
10.381
8.769
11.518
5.209
9.853
5.016
5.089
14.185
13.953
10.643
2.779
15.486
15.952
2.748
13
11.448
8.094
6.188
0.364
15.775
1.793
15.376
7.67
1.093
0.598
5.681
15.764
15.365
1.873
12.658
8.939
6.936
10.691
9.245
8.183
2.125
3.403
12.16
13.258
10.974
11.191
6.787
7.475
5.496
8.546
3.158
15.283
2.498
13.711
12.526
7.601
12.334
7.078
8.504
7.882
14.192
1.131
16.106
10.922
7.859
14.787
14.123
5.192
10.85
3.557
3.419
14.949
1.703
8.545
3.136
14.524
6.065
2.692
3.111
7.508
7.911
8.592
8.438
16.104
13.986
7.033
8.216
7.639
7.559
4.2
2.022
4.515
8.444
12.355
7.856
13.522
1.26
2.733
3.867
0.881
8.338
10.966
5.687
2.557
9.324
11.971
1.043
12.542
13.409
11.564
10.218
11.279
8.306
4.878
0.808
7.361
9.11
9.652
6.643
6.971
14.155
6.229
10.439
6.318
16.332
14.45
5.34
15.351
9.037
0.834
2.043
5.544
11.829
0.347
11.573
12.533
2.315
13.214
1.095
6.053
7.245
10.111
13.48
0.141
12.835
4.92
12.101
13.407
13.729
7.915
5.974
0.209
10.944
16.296
6.497
11.336
9.46
11.635
6.814
7.848
14.49
7.811
8.125
14.345
14.415
8.962
7.718
7.235
0.823
9.207
1.638
0.756
0.057
10.858
2.463
2.181
14.283
5.561
3.654
8.371
1.046
3.422
3.295
11.963
10.19
12.237
5.258
9.641
11.174
2.115
15.371
5.909
15.449
1.951
0.099
1.991
13.84
12.581
7.296
2.485
14.81
0.14
12.838
12.825
14.177
6.777
11.518
10.993
4.288
6.621
13.223
11.937
13.57
14.009
6.77
10.925
5.815
1.098
15.123
7.501
11.366
2.142
5.401
6.064
13.701
6.633
12.006
15.076
10.521
0.933
10.727
7.09
8.011
13.698
2.142
12.37
2.788
13.472
12.385
12.243
14.405
10.917
3.049
12.678
11.067
1.276
12.779
0.202
15.841
1.213
0.606
5.905
4.842
7.923
2.217
16.008
12.359
7.579
11.288
10.417
10.857
14.026
1.21
10.738
8.481
4.645
2.96
10.026
8.67
7.948
14.189
5.559
5.394
7.557
6.426
6.71
1.712
12.25
3.739
0.611
7.975
12.436
1.328
7.148
15.793
5.307
11.141
10.509
0.312
3.994
15.877
12.797
15.53
12.923
11.754
4.139
7.793
11.431
8.682
16.142
13.658
13.174
10.619
5.537
14.546
14.318
13.414
4.133
3.972
12.774
8.106
3.941
14.787
6.721
15.654
9.755
3.545
8.616
9.837
15.16
7.514
7.602
0.93
15.446
13.035
14.435
8.684
6.074
10.252
10.58
14.449
5.423
2.818
16.083
6.011
5.255
14.59
9.341
9.447
2.782
7.493
15.238
15.329
7.49
4.746
10.378
12.241
9.891
15.654
15.628
9.065
1.484
6.503
5.588
8.156
6.063
9.724
8.969
13.955
0.797
14.783
15.162
4.739
1.145
15.555
9.859
3.528
1.307
13.427
0.203
7.245
0.567
7.842
7.983
5.146
16.365
8.366
5.395
1.801
6.697
1.011
0.645
8.878
16.26
15.934
6.863
12.688
0.987
13.698
8.804
9.192
7.633
6.222
7.108
3.108
14.994
7.411
0.327
3.883
15.69
0.698
15.568
2.482
3.579
4.324
4.724
1.159
3.062
0.282
14.84
5.571
12.372
11.82
8.444
4.597
12.225
12.151
16.066
11.092
12.537
2.946
15.896
12.967
3.395
14.164
8.017
3.741
5.063
4.933
11.305
13.814
1.909
3.291
2.539
3.521
4.328
1.917
9.999
10.432
6.836
11.119
0.167
8.691
7.877
7.664
14.652
14.402
11.632
14.915
12.006
0.037
8.439
8.983
13.172
7.33
4.607
6.633
5.095
8.033
13.206
7.981
5.792
11.546
13.921
13.331
3.66
11.11
8.117
13.094
2.71
7.967
9.897
9.29
0.92
8.356
5.582
14.785
15.762
5.866
14.61
2.069
4.64
8.816
10.765
7.235
2.768
15.874
9.102
8.772
9.94
0.124
1.51
8.07
0.495
10.297
0.233
5.741
14.924
8.782
2.566
11.366
10.711
11.9
5.127
14.472
1.589
4.402
15.631
2.283
0.304
14.099
7.52
8.008
8.005
9.761
3.345
3.277
4.286
14.242
4.173
6.641
10.539
6.443
13.435
1.846
3.743
10.18
3.51
7.959
0.568
6.326
9.792
12.95
11.104
5.947
4.044
12.95
6.938
3.938
0.986
3.746
4.628
11.372
6.488
10.926
2.704
6.83
6.745
10.854
16.161
12.877
0.103
11.308
10.839
6.233
11.161
9.25
13.982
4.625
16.085
4.616
11.402
3.616
15.023
9.644
7.185
3.383
14.064
13.16
10.119
5.034
6.154
14.799
1.268
7.371
14.367
1.111
2.694
10.018
13.51
12.604
1.063
14.95
2.073
15.899
9.894
11.098
14.952
8.894
11.36
5.289
5.163
3.937
2.795
9.435
10.232
13.511
16.183
16.2
0.418
1.187
9.189
5.603
12.617
1.294
6.152
10.071
2.092
8.151
12.584
14.33
13.618
12.525
10.823
16.124
12.647
4.753
0.052
9.73
1.064
13.508
14.776
7.669
12.704
10.35
5.571
10.871
14.082
1.828
15.168
11.01
4.464
11.623
6.946
13.356
0.01
2.224
9.874
1.677
7.076
8.793
15.813
5.174
8.47
5.904
14.271
1.161
11.674
1.452
13.529
3.548
4.841
1.304
3.197
7.779
14.129
10.791
15.589
6.427
6.223
5.115
4.213
1.321
10.178
4.824
1.825
14.597
9.467
5.812
12.267
11.153
14.678
9.633
10.124
1.401
4.595
3.425
14.009
13.09
4.116
11.419
7.761
9.39
0.871
6.175
8.83
7.517
2.362
4.285
6.213
3.392
16.035
14.183
0.785
6.044
13.927
8.314
8.923
12.993
9.092
1.347
0.046
0.429
8.698
0.618
4.607
12.926
10.167
5.433
14.355
11.901
2.183
12.521
12.144
11.123
13.781
11.235
6.349
7.031
8.238
3.203
11.076
1.211
15.037
14.679
13.015
13.58
3.777
13.766
5.707
8.949
0.538
3.304
12.67
9.291
8.127
5.467
1.902
6.063
5.854
3.106
16.3
0.579
7.62
14.716
3.379
6.559
15.057
11.161
12.588
14.773
5.738
5.835
9.685
3.362
2.861
3.164
11.609
14.893
1.767
9.181
11.199
3.469
2.16
16.268
10.004
7.946
15.367
9.438
4.073
10.815
4.347
1.848
8.43
2.975
8.296
4.102
12.872
4.403
1.922
15.367
6.041
5.472
5.127
13.89
10.942
13.859
2.515
10.768
4.173
1.14
7.661
15.29
3.63
8.214
14.849
9.462
13.374
1.825
8.179
0.962
4.396
7.116
1.407
3.623
10.366
9.997
6.79
5.491
7.901
10.876
10.799
5.995
9.573
10.908
15.607
9.465
5.352
6.632
8.818
1.346
12.724
9.32
4.07
2.787
16.105
7.116
0.938
6.705
4.512
4.065
9.479
9.825
7.598
1.914
13.674
6.733
16.018
4.965
13.194
7.705
1.322
4.127
4.387
5.959
1.167
14.859
15.698
13.078
11.708
13.261
10.109
13.347
5.823
14.439
4.604
8.064
12.523
15.099
3.772
0.087
2.928
9.634
5.197
15.195
2.382
4.268
8.745
4.746
6.268
15.655
2.546
1.64
9.544
12.035
0.335
8.697
3.58
12.812
10.228
13.858
1.8
15.033
8.807
2.133
6.093
3.192
4.723
11.519
3.729
6.828
8.887
15.707
12.345
7.698
12.343
2.471
12.494
3.505
6.836
5.794
7.143
14.107
13.276
12.237
5.473
12.834
2.287
5.278
9.669
15.838
14.776
1.975
6.974
12.5
16.134
10.56
14.448
15.131
2.037
12.177
12.284
4.784
8.883
11.98
1.03
7.868
15.679
6.966
9.452
10.428
13.349
8.273
2.03
5.26
11.497
10.32
13.878
0.355
8.628
11.955
16.184
10.055
9.263
1.644
14.092
14.486
1.918
8.381
11.017
9.407
12.44
11.766
14.788
10.963
12.941
0.86
12.009
4.227
8.366
15.996
6.56
4.895
1.456
16.081
1.42
10.332
3.341
5.865
13.82
13.699
10.394
8.832
0.702
12.924
0.642
0.493
11.003
10.571
15.856
2.311
14.322
0.035
14.083
2.593
1.515
1.195
5.527
12.436
3.746
0.878
15.972
6.721
10.027
6.905
6.124
14.494
4.245
4.73
1.953
12.054
1.966
11.471
4.123
3.1
3.23
15.097
14.321
8.668
5.841
2.474
7.656
12.442
15.849
6.857
8.116
5.037
15.124
10.078
13.746
11.308
12.981
14.606
8.977
14.711
3.535
6.167
10.335
11.735
1.306
8.252
9.168
15.851
15.008
6.914
8.586
5.909
6.545
11.494
11.51
13.377
8.374
0.414
14.663
1.091
2.692
6.24
15.329
7.508
15.24
12.651
8.432
1.598
4.743
3.938
0.03
7.773
12.923
10.501
7.719
0.466
13.272
11.925
6.691
5.272
14.448
9.517
13.613
6.821
6.5
2.886
7.253
15.323
14.881
14.263
13.483
8.443
9.632
6.119
16.345
10.844
3.351
3.044
13.744
13.915
10.172
7.071
6.871
1.4
8.164
15.814
13.717
6.258
16.044
14.504
11.441
9.693
13.416
10.06
4.629
5.012
11.437
10.621
6.364
0.028
7.662
2.442
9.582
9.202
0.678
8.496
12.537
15.871
2.4
5.377
1.771
4.379
10.128
2.66
8.645
5.432
0.42
13.881
9.829
10.818
6.038
7.369
10.676
8.833
14.267
7.801
15.639
4.993
3.751
8.82
5.631
12.923
11.226
0.788
12.443
5.592
9.102
15.038
11.552
2.173
0.471
11.82
5.054
11.636
0.426
12.39
13.465
3.427
1.752
9.323
15.44
14.201
13.713
0.116
3.301
3.757
14.474
1.883
1.035
12.546
1.035
11.336
10.346
1.048
6.623
1.112
14.883
11.087
2.456
9.008
7.989
14.184
8.495
8.015
16.224
4.466
3.286
9.141
12.057
7.452
15.824
2.897
7.891
6.765
1.088
7.784
10.4
2.839
2.082
0.059
7.478
8.4
12.446
9.883
15.743
1.296
9.876
4.712
11.264
0.538
2.092
7.318
1.248
12.758
9.211
2.545
12.305
8.167
10.484
15.376
9.45
5.65
15.23
13.194
14.478
14.271
3.984
6.885
12.025
2.88
7.144
6.802
5.096
0.531
15.31
3.234
9.14
2.924
13.124
10.852
1.519
0.444
4.495
11.378
5.333
3.488
3.083
7.848
0.829
14.945
1.472
13.037
6.264
4.05
9.286
3.324
3.291
14.89
16.357
15.955
0.114
6.631
6.683
16.057
4.301
14.001
0.91
1.314
13.849
12.489
14.23
14.305
0.476
9.974
14.73
11.404
6.952
3.858
12.77
6.128
2.677
9.027
4.965
15.067
6.185
14.323
12.236
0.446
3.355
14.889
2.556
2.108
11.33
0.456
13.696
10.293
13.931
7.706
14.666
12.433
0.331
0.014
14.11
9.372
14.774
6.91
3.782
12.981
3.592
11.46
5.535
15.512
13.266
9.862
12.406
4.229
16.083
15.021
15.827
15.307
10.184
4.172
13.719
10.943
4.123
3.537
6.365
12.384
7.823
12.878
9.236
3.988
2.108
10.622
11.769
2.545
4.931
9.223
15.377
0.339
5.357
11.088
2.355
14.986
13.231
0.934
8.142
4.28
9.532
10.698
14.366
13.954
11.735
12.097
12.354
5.265
9.581
14.669
1.218
15.831
0.145
12.855
0.069
8.957
1.702
0.407
2.156
4.989
2.818
14.493
11.586
1.041
0.8
6.689
14.813
13.577
4.99
2.026
7.063
2.54
3.657
8.534
12.923
10.39
10.429
2.446
13.354
15.83
11.997
15.092
14.061
14.839
9.533
1.877
0.946
8.521
7.739
9.946
5.277
14.369
1.706
5.341
0.171
8.303
15.894
13.143
13.489
1.696
5.26
15.087
13.926
13.718
12.595
1.205
5.991
14.779
7.975
15.87
14.178
4.909
10.709
14.536
2.555
16.174
4.118
14.757
1.908
11.848
4.252
9.92
12.439
0.739
8.863
5.036
0.363
8.11
6.748
1.57
7.795
9.652
1.235
13.317
3.244
3.387
9.879
9.038
8.898
8.381
9.456
0.068
10.87
13.029
13.232
13.393
15.133
11.505
4.535
14.372
12.92
4.33
4.564
16.097
5.91
12.532
4.464
12.979
7.543
6.372
8.155
7.35
10.193
7.338
0.463
13.7
2.606
12.327
5.34
10.781
1.91
14.056
10.701
3.838
6.831
14
16.111
14.973
10.179
13.063
7.51
15.992
13.722
10.339
6.233
4.231
10.676
13.549
1.681
12.329
3.095
5.427
15.856
6.48
16.273
1.077
15.312
11.153
5.104
11.78
8.57
2.106
14.284
5.327
6.197
14.372
11.682
4.659
1.68
12.217
7.218
1.699
6.613
11.022
15.1
3.655
6.094
9.76
12.429
1.194
1.337
6.418
16.117
2.27
12.259
5.591
0.063
11.508
10.129
0.453
10.084
10.703
10.526
13.592
7.16
15.075
2.14
0.897
7.361
7.647
12.642
14.131
15.083
8.732
1.708
8.651
13.011
14.735
8.155
12.351
0.389
2.463
16.213
11.312
16.265
5.242
5.368
16.129
1.768
6.098
6.866
6.848
3.352
9.428
13.223
13.592
15.616
11.745
13.535
13.362
16.285
5.618
4.438
9.053
14.585
1.52
11.114
11.192
3.651
3.453
3.634
7.738
14.862
0.348
13.071
14.132
10.174
0.745
2.175
6.698
1.746
0.274
8.727
7.989
16.317
10.465
4.954
11.166
7.192
2.498
4.579
14.837
7.089
5.805
11.564
4.642
3.15
5.854
16.249
13.793
2.641
15.687
15.615
8.098
9.285
14.651
2.101
5.956
13.814
12.508
11.697
1.227
14.875
14.792
0.107
5.113
11.518
0.321
12.244
4.489
4.746
1.945
5.266
13.487
11.536
1.008
0.967
5.888
3.827
2.429
7.839
14.115
3.394
9.266
4.415
11.956
13.67
14.519
6.603
5.763
10.226
10.731
4.95
1.731
13.213
5.404
0.037
10.446
11.9
0.471
10.499
10.233
15.711
1.923
4.388
6.33
9.032
14.186
8.017
10.49
2.965
8.188
7.446
8.403
11.904
10.822
10.052
15.234
4.638
10.392
9.841
6.908
13.862
2.442
0.982
0.351
3.355
10.741
13.105
5.399
5.508
1.296
4.186
8.035
7.588
14.563
13.005
15.669
12.005
4.497
1.193
12.283
0.294
6.903
3.518
2.815
8.06
12.39
11.182
7.946
4.469
5.983
8.894
8.229
14.036
5.57
8.478
10.79
7.774
9.691
10.955
6.698
4.856
14.142
16.087
2.542
7.391
13.724
11.305
9.702
0.371
12.715
14.994
0.924
6.552
14.668
13.602
10.541
9.223
0.004
8.218
6.627
12.159
13.538
11.107
13.453
8.835
4.47
15.4
9.381
14.193
8.642
14.329
10.104
4.419
2.607
