10000
22.914
18.428
29.471
4.596
2.28
19.749
23.249
24.979
16.68
32.074
21.75
5.037
2.182
20.589
6.42
25.337
19.179
28.324
11.132
3.292
12.6
31.261
3.892
2.956
0.73
14.943
21.557
15.221
17.823
3.282
21.974
28.636
4.039
16.002
15.753
15.042
16.479
13.088
7.621
27.659
4.554
32.074
14.659
3.039
15.009
19.467
19.053
21.585
4.285
20.902
24.34
28.222
25.233
1.935
7.265
30.072
31.421
29.627
32.526
2.084
0.481
21.273
27.605
25.953
12.975
19.809
9.257
24.363
5.189
5.644
29.477
9.086
11.961
7.843
9.922
8.382
28.149
15.933
10.572
2.39
9.925
29.252
20.247
15.008
29.23
7.287
11.374
2.821
21.25
25.141
1.996
17.253
22.961
4.344
15.439
18.36
14.946
11.296
8.297
13.046
2.37
2.034
17.625
27.189
4.38
5.6
8.153
27.409
30.763
17.93
30.873
22.865
10.028
8.71
9.965
4.04
9.91
1.244
31.554
14.456
26.318
5.205
25.303
12.286
9.399
24.438
7.21
14.378
25.351
17.991
4.016
15.853
10.24
3.801
8.392
13.944
30.236
19.334
2.802
22.434
13.034
30.331
7.996
12.17
28.697
26.228
30.206
24.446
19.154
0.199
26.823
32.284
21.836
19.62
26.775
25.783
16.026
19.355
1.103
27.645
11.463
15.198
13.157
23.51
32.036
9.417
14.556
4.751
24.289
23.583
12.916
10.039
31.707
22.167
10.27
2.889
9.141
30.999
12.21
28.556
11.562
17.471
30.948
28.728
0.417
0.425
21.877
19.546
1.794
22.127
4.518
11.385
23.497
24.302
12.53
15.482
6.489
14.282
25.34
7.361
4.242
6.195
17.607
28.313
13.477
24.934
16.933
32.726
10.279
18.294
11.122
22.969
8.293
30.54
21.377
14.099
4.856
24.044
18.903
9.645
24.985
29.947
1.303
22.248
30.774
14.462
4.542
25.505
4.421
10.725
6.416
1.879
5.208
1.096
21.587
5.776
17.137
1.52
16.442
13.432
10.136
29.465
9.38
3.02
31.532
13.814
17.543
3.83
29.815
16.374
18.982
0.89
13.828
4.166
17.291
23.696
20.021
0.919
17.201
10.514
32.144
20.769
30.977
6.297
14.17
22.76
22.399
23.524
4.199
10.046
6.47
25.721
4.144
20.873
15.026
18.318
6.182
4.166
15.324
18.473
21.83
14.926
16.075
19.591
28.654
1.368
21.992
17.083
28.143
12.224
5.811
14.487
31.459
30.599
17.589
10.959
2.753
0.666
10.421
20.316
2.734
7.255
26.671
24.351
5.142
27.725
28.93
8.903
22.012
2.627
19.817
18.164
10.382
4.988
29.74
15.26
32.509
9.53
26.904
8.879
11.147
24.705
16.812
4.598
10.726
23.325
25.109
11.329
25.524
8.679
1.629
21.953
9.071
12.355
27.615
1.971
10.611
0.237
12.03
1.854
5.973
7.158
12.566
0.927
9.591
17.929
6.835
24.451
22.233
13.555
19.969
10.676
7.986
28.002
23.94
2.296
12.096
11.757
23.305
7.991
23.388
2.901
4.829
10.203
20.561
8.715
1.852
21.884
2.67
0.242
16.396
12.989
17.114
12.645
17.1
2.673
18.216
0.124
18.119
6.915
28.459
28.043
31.117
6.42
9.484
25.068
26.531
17.765
13.209
5.631
23.93
6.648
20.192
18.286
21.662
21.106
2.813
9.398
16.688
21.444
13.616
4.579
21.398
14.09
17.203
10.906
0.625
31.667
19.658
9.565
28.879
9.443
17.307
31.755
1.187
17.941
23.872
32.166
16.754
17.157
25.499
11.609
15.182
18.125
24.425
4.794
13.832
13.902
20.762
24.396
17.57
8.657
27.617
3.4
32.003
31.214
1.799
23.453
5.102
2.99
14.724
19.253
30.005
2.028
21.456
0.378
11.306
6.657
11.255
13.337
12.375
20.896
28.652
0.517
27.247
25.598
29.215
24
1.412
2.102
9.297
27.862
24.697
29.421
13.479
0.17
13.243
13.617
0.254
3.188
16.172
0.679
21.631
15.499
5.216
8.934
9.075
4.832
20.748
4.638
14.68
11.467
23.995
5.373
3.38
5.643
1.219
17.363
12.329
19.72
30.072
20.724
2.634
23.642
1.951
3.678
22.957
11.663
21.286
30.363
10.177
31.017
28.69
15.593
10.466
30.695
29.368
10.393
14.891
14.662
30.768
16.309
29.068
17.222
22.279
1.253
29.724
24.433
18.484
19.603
1.712
14.618
7.245
27.982
3.244
12.515
20.731
20.332
26.905
2.434
6.828
8.18
30.2
20.932
13.959
10.939
1.494
12.241
6.309
8.14
9.121
29.107
19.07
18.445
1.21
1.81
3.489
27.936
24.907
18.497
5.801
30.856
9.947
11.903
29.804
3.597
14.624
24.95
30.581
9.569
13.588
15.88
11.701
26.371
27.211
14.923
18.037
20.58
32.387
19.154
29.327
25.417
28.541
11.567
5.342
25.712
26.379
15.285
22.259
28.022
5.483
11.907
30.217
22.008
1.491
28.094
23.611
14.329
8.525
22.813
23.029
4.995
21.445
10.411
5.033
21.905
1.888
19.144
30.659
17.965
27.152
25.457
20.702
8.662
12.646
20.674
18.488
25.124
20.647
22.713
27.747
31.151
21.793
25.661
4.158
1.836
23.743
27.487
5.668
17.369
23.26
30.431
31.587
12.572
8.021
23.282
14.32
18.79
21.474
3.906
18.009
14.43
25.51
18.487
26.618
24.124
0.26
13.685
31.092
8.818
15.797
2.47
27.483
22.93
26.903
12.153
13.103
17.004
10.44
20.458
18.574
24.182
32.628
3.525
0.679
10.61
13.803
6.757
27.122
29.77
23.159
1.986
21.023
26.431
19.052
31.659
20.556
28.482
31.232
10.319
24.954
6.818
28.253
11.778
21.826
10.472
7.669
19.006
20.676
20.992
11.03
30.696
32.225
2.201
11.454
25.813
15.018
15.309
31.152
24.717
23.831
23.557
10.695
10.319
24.317
10.007
16.779
13.397
1.594
32.69
15.362
27.224
23.858
21.5
26.313
22.871
3.968
22.393
17.506
25.237
32.485
5.167
26.832
29.665
9.348
5.896
1.121
14.105
4.69
15.223
4.3
23.281
10.44
23.134
21.627
22.769
21.723
24.624
12.33
23.741
27.181
3.667
27.313
12.441
28.037
27.592
28.446
21.292
25.469
10.509
12.551
6.788
30.586
31.554
11.039
2.139
3.809
12.94
11.27
13.209
7.304
4.023
25.958
27.418
18.539
7.455
28.987
30.128
16.289
3.792
16.754
4.972
16.526
28.14
11.702
9.241
14.169
4.941
4.999
5.898
32.416
13.676
15.5
2.07
6.251
3.457
32.554
11.744
29.535
22.508
19.797
32.092
4.149
13.268
9.638
9.87
7.018
9.742
6.83
20.117
20.279
17.216
25.739
10.985
12.739
17.734
12.472
25.057
0.92
4.052
9.258
21.624
29.267
26.717
17.304
13.648
25.504
25.908
13.85
4.343
27.75
22.514
5.621
11.114
18.495
14.103
17.333
22.231
25.899
19.188
28.541
10.151
22.405
8.648
19.612
10.684
18.998
3.881
9.056
31.479
16.168
15.013
13.615
28.414
13.31
0.426
9.939
8.252
32.514
12.451
25.878
4.649
30.814
22.372
14.223
18.635
17.296
15.56
30.139
31.101
19.736
13.72
4.688
14.575
20.595
25.263
28.877
19.054
31.309
6.748
14.678
29.797
31.475
0.264
7.871
32.292
7.431
5.401
19.175
15.073
13.431
12.822
25.927
17.916
31.151
20.235
26.57
21.64
9.486
31.791
13.791
16.39
24.215
25.54
10.701
11.891
21.994
21.055
3.144
31.622
5.746
2.473
10.817
18.227
27.615
25.669
32.002
19.827
27.351
2.675
6.265
27.463
29.16
16.34
21.46
29.946
14.018
2.991
24.655
16.807
13.219
16.531
16.97
4.092
2.322
10.046
24.735
10.301
10.192
20.67
7.73
24.46
22.284
21.462
12.746
24.679
27.35
31.139
12.319
23.666
16.086
7.551
31.796
2.935
18.75
17.446
4.582
7.083
23.037
11.8
24.261
30.515
23.094
26.942
7.46
0.742
8.176
9.679
25.964
14.933
10.767
21.109
27.062
19.72
22.659
17.324
3.992
8.459
29.887
27.243
23.614
24.234
7.788
24.071
26.301
27
28.767
15.7
17.573
27.286
29.129
11.021
9.429
20.529
10.158
26.998
3.22
26.189
23.193
22.847
27.357
27.841
25.741
24.492
30.201
20.099
6.974
30.707
1.876
24.102
10.881
29.67
27.017
15.265
29.442
12.241
19.647
18.258
16.693
15.782
21.816
17.987
28.815
19.287
30.759
7.083
20.213
18.564
6.85
15.288
21.621
3.926
10.137
15.243
0.82
5.291
3.622
8.837
0.935
25.459
24.741
24.769
20.742
26.457
1.062
3.809
2.558
19.111
9.952
23.31
14.759
27.491
28.872
18.234
11.445
11.198
8.802
7.336
9.97
8.624
5.591
14.511
3.308
27.1
22.089
5.819
21.994
8.633
16.739
15.252
23.077
19.699
26.42
26.083
20.789
10.767
7.229
10.226
5.322
14.927
29.128
20.147
31.644
0.213
2.172
14.852
24.741
15.626
28.975
2.609
10.893
9.281
4.091
18.106
26.47
24.216
13.716
25.175
20.633
19.231
25.304
16.442
19.232
20.285
27.304
7.828
14.326
13.647
26.103
2.65
10.444
24.209
11.808
16.457
19.71
19.522
20.861
7.976
10.949
17.411
13.877
3.917
30.894
4.993
24.405
0.866
11.083
14.163
2.083
30.313
2.856
26.918
2.479
2.814
26.368
22.807
16.042
12.252
13.873
5.728
22.907
28.067
16.238
27.447
24.72
16.857
6.068
12.275
17.65
11.054
3.455
22.897
18.205
19.204
21.565
18.102
7.694
16.43
1.027
4.565
5.277
7.928
16.767
26.643
4.365
10.856
8.75
11.594
15.074
12.996
8.398
28.299
13.042
15.7
13.847
26.631
4.543
22.889
27.046
8.752
8.196
18.079
28.474
27.163
32.142
20.574
9.25
10.537
10.829
0.679
0.246
24.55
9.643
7.181
21.382
18.481
6.172
24.833
21.776
25.246
15.095
13.395
28.854
29.464
29.316
6.39
20.014
12.491
20.054
0.26
29.884
11.585
25.563
3.585
6.749
14.026
14.129
9.828
29.509
14.882
9.787
1.107
5.516
26.446
2.549
8.623
17.701
7.623
0.516
9.552
15.375
25.562
7.826
13.714
17.103
27.983
23.64
21.52
11.549
30.025
9.98
9.903
3.806
28.525
21.918
20.959
15.698
21.574
21.934
18.461
28.815
3.304
30.72
12.988
6.446
16.852
5.154
22.502
15.94
4.38
30.189
8.67
30.612
28.616
18.778
11.143
22.53
14.967
30.871
30.25
23.627
14.666
12.378
11.38
12.788
6.909
32.374
5.822
27.264
11.095
16.044
9.362
28.39
18.629
18.883
12.138
18.242
23.874
6.874
23.226
2.763
24.185
24.318
13.617
3.077
6.446
8.952
32.572
5.432
19.418
4.968
15.053
18.72
21.653
0.792
26.714
31.718
30.265
11.146
5.416
6.223
30.917
23.507
7.881
25.908
10.495
2.476
20.452
16.178
31.582
30.919
14.9
6.818
22.054
27.743
29.139
25.035
18.133
5.907
3.513
0.855
9.918
15.604
4.479
17.668
29.428
15.325
9.321
11.932
23.401
28.163
14.756
8.487
19.799
6.86
3.532
28.255
31.967
27.109
7.602
1.124
12.785
3.215
31.323
0.433
23.659
4.409
7.756
17.743
13.189
5.46
10.244
20.296
25.708
18.787
7.627
1.375
5.165
31.569
7.85
12.286
14.549
6.92
9.403
17.264
3.542
27.967
15.523
18.768
10.157
24.723
22.108
32.322
27.33
14.554
4.92
30.689
27.024
1.204
13.602
26.36
28.165
4.45
4.903
18.932
12.844
20.7
14.134
9.113
3.081
26.141
2.34
2.549
4.293
19.394
10.995
8.594
29.451
18.643
27.22
22.768
8.369
10.209
27.498
30.77
25.499
25.681
28.881
22.808
2.524
16.887
25.823
23.341
22.815
0.743
2.09
26.69
20.806
12.167
26.954
7.45
0.592
9.449
2.528
27.239
31.104
23.896
21.719
16.885
2.491
10.033
18.921
9.254
29.491
15.861
0.613
8.606
11.842
31.131
29.488
9.535
23.96
2.091
4.106
6.744
11.161
25.992
13.331
17.177
5.889
1.421
29.582
21.323
29.386
25.692
15.076
9.022
7.503
28.915
24.3
3.842
12.977
1.537
0.617
21.977
15.994
25.847
29.909
3.565
12.416
26.465
28.253
0.063
6.413
23.159
19.756
0.224
28.732
14.575
14.316
5.987
27.814
14.102
18.826
2.962
11.582
21.791
10.81
10.848
14.97
27.579
14.78
22.303
8.884
26.346
11.997
15.603
13.775
8.976
20.544
13.447
9.245
8.267
10.846
12.798
1.152
0.004
26.316
20.269
1.488
0.196
10.429
17.927
20.349
27.721
4.807
28.504
21.878
11.226
23.018
6.583
9.033
30.423
2.51
19.637
25.227
20.372
24.14
19.547
8.314
16.999
22.064
28.884
5.857
6.912
25.405
9.83
31.804
1.017
23.41
10.663
7.965
17.582
3.98
21.485
20.686
4.431
10.956
3.078
25.4
8.5
16.378
12.073
15.875
32.624
10.154
1.581
20.223
18.856
5.054
6.905
22.979
20.774
31.788
0.572
27.284
21.033
18.69
27.998
28.808
13.695
23.975
6.326
17.13
4.182
26.979
27.133
5.601
22.096
8.481
21.25
8.781
29.141
18.036
19.616
1.266
13.997
8.153
32.237
6.36
25.294
17.98
25.525
20.721
8.562
27.581
3.111
21.757
17.517
32.691
15.053
26.027
10.174
21.489
2.242
19.457
29.54
10.057
21.791
22.525
12.147
14.671
6.582
12.925
24.166
19.295
30.723
1.628
4.535
13.026
4.703
17.63
11.437
24.78
1.399
2.382
18.806
0.617
5.629
24.549
29.813
8.026
26.269
29.678
12.765
22.747
18.995
26.92
0.383
11.847
1.595
25.708
21.728
27.357
6.536
1.935
11.151
8.388
23.354
25.738
18.869
21.837
1.514
11.224
15.598
17.017
0.807
6.688
9.047
20.923
2.854
26.9
26.857
13.31
27.829
18.329
28.421
15.082
4.465
7.464
21.071
22.371
4.665
7.284
17.088
24.915
28.642
26.957
8.695
3.242
17.452
21.956
23.504
12.195
32.501
31.376
11.576
15.944
0.941
11.952
19.776
7.992
15.114
8.786
11.376
15.784
27.901
8.436
15.965
31.912
30.436
16.073
0.381
28.583
12.801
30.046
14.651
31.802
7.723
29.565
3.655
18.713
9.411
9.298
2.352
7.786
2.026
12.748
6.964
6.979
20.977
1.606
10.583
25.706
22.801
4.455
19.89
12.383
11.101
21.574
17.166
21.66
30.452
30.93
11.953
14.363
17.019
30.834
15.48
20.249
2.507
5.608
16.678
1.05
4.838
11.899
22.268
12.845
3.888
9.813
10.378
5.233
23.772
29.738
24.004
20.184
31.908
4.122
24.408
29.739
4.029
18.905
25.663
11.598
29.194
18.957
32.146
26.054
17.552
17.143
5.28
8.568
31.786
5.206
3.901
24.499
18.557
26.248
3.677
12.145
26.415
0.243
31.457
22.746
14.164
24.483
21.68
16.394
8.489
19.508
30.73
25.876
9.733
32.243
19.737
9.543
11.404
1.344
5.577
8.624
23.846
1.591
19.93
28.383
8.88
1.679
20.788
29.166
9.073
21.185
15.482
3.776
17.999
15.981
15.329
2.951
6.21
17.402
15.427
19.849
9.738
18.302
12.911
21.283
7.709
0.221
27.844
3.854
20.196
20.788
8.958
2.273
21.798
1.912
14.415
26.327
3.781
22.618
25.522
17.619
9.64
3.438
12.924
31.905
18.168
12.173
6.451
17.279
23.183
12.408
1.7
16.604
20.141
22.461
11.568
0.607
19.437
30.431
30.311
28.971
25.976
10.417
21.72
11.362
6.521
8.195
26.662
27.879
13.777
18.816
10.079
22.121
29.963
17.623
1.418
22.941
26.514
31.001
17.535
3.018
32.033
18.53
27.132
6.027
17.02
9.916
2.804
10.961
10.078
6.208
24.874
1.575
24.754
23.167
24.319
4.41
15.109
15.648
13.704
6.296
28.988
28.106
0.228
6.328
23.426
15.172
3.789
14.907
2.693
5.082
29.548
25.457
8.93
17.155
24.69
0.799
3.293
12.866
29.284
30.847
19.542
12.618
26.678
15.497
5.369
2.405
31.004
12.401
28.34
24.598
15.517
13.681
32.366
11.517
22.761
29.128
18.166
18.172
27.5
26.371
30.265
19.608
24.483
15.739
4.793
27.554
10.287
26.911
7.482
19.478
3.624
2.931
31.422
8.771
2.739
14.041
15.028
11.308
24.279
30.48
3.437
7.727
23.948
17.146
32.463
17.124
7.189
15.266
18.765
21.064
31.888
23.677
21.783
17.435
18.124
0.24
14.221
8.582
17.242
25.363
18.17
6.657
3.303
30.645
5.759
24.436
3.017
19.36
28.237
3.484
20.439
17.949
5.143
8.369
15.486
29.883
30.664
16.198
15.121
17.485
6.257
23.408
26.465
19.25
13.701
28.458
27.278
2.265
8.264
22.52
30.748
16.003
16.773
5.579
8.521
17.739
10.111
28.965
29.342
1.38
12.331
19.581
4.037
29.347
9.116
9.445
16.794
12.861
21.183
1.514
10.884
19.921
3.656
29.884
5.382
6.057
2.54
5.775
4.241
9.277
32.721
5.696
20.637
31.992
10.307
3.388
0.504
28.735
22.952
29.598
2.653
8.88
25.782
23.447
26.184
17.831
0.227
31.763
6.409
5.895
23.837
20.121
25.367
3.639
10.428
17.523
12.968
23.146
10.421
22.288
0.638
5.668
11.536
30.63
6.916
21.498
31.388
8.731
27.033
26.777
31.969
5.926
25.132
5.641
21.59
0.434
7.945
31.795
5.332
2.947
13.042
29.345
18.507
9.499
24.946
12.166
2.484
1.247
12.654
24.574
19.526
8.566
3.581
5.526
8.941
11.122
27.002
11.535
7.16
18.994
5.847
4.703
1.297
8.198
19.763
1.529
11.123
22.933
2.479
18.254
27.735
19.58
17.278
18.58
10.671
26.936
9.788
20.422
30.487
1.094
18.049
10.476
4.873
14.984
1.205
19.868
0.08
29.931
4.646
9.665
21.439
20.295
19.543
17.819
2.594
26.247
25.244
19.719
31.349
21.001
31.203
19.457
14.42
19.528
17.109
20.583
31.411
20.152
13.854
0.255
23.247
9.457
27.4
27.068
32.612
15.12
15.439
23.869
2.081
11.098
12.081
3.991
19.801
20.259
20.676
20.052
18.427
22.255
32.14
31.164
13.764
11.734
18.253
9.043
19.891
11.309
27.934
30.114
6.334
23.906
6.591
18.746
17.091
23.848
23.596
2.807
30.657
4.052
3.698
22.402
8.52
14.855
7.874
28.697
6.19
15.246
28.356
27.795
7.812
29.062
15.661
20.126
13.768
0.964
19.86
23.116
9.564
8.564
17.026
22.478
17.719
28.927
24.008
8.831
24.795
14.131
6.933
10.532
18.055
31.134
22.727
17.265
22.189
8.25
0.77
0.208
10.15
23.12
29.951
21.599
4.517
19.094
1.191
16.951
14.058
16.026
27.745
29.172
23.608
30.052
1.832
19.058
9.608
14.679
4.832
31.444
2.815
20.825
27.882
5.323
6.686
3.38
31.99
7.189
22.329
28.987
16.92
12.099
21.29
17.712
13.855
11.712
18.758
2.661
31.522
32.527
22.928
7.458
1.883
24.404
13.101
1.351
17.208
21.782
17.176
14.898
19.888
13.379
15.127
24.035
23.252
21.108
1.262
13.15
24.742
20.595
30.162
21.585
1.581
7.419
22.048
27.127
2.249
5.31
4.431
27.964
3.013
25.516
8.74
12.834
1.579
2.931
3.876
16.995
17.116
13.122
2.895
19.288
9.951
9.427
3.851
8.985
12.794
6.824
32.095
10.47
28.031
17.301
10.593
1.222
15.721
8.062
20.466
2.669
18.343
6.498
22.952
17.251
26.04
0.664
30.988
25.699
21.624
21.337
30.982
12.802
5.69
21.631
20.373
6.289
15.126
5.772
18.627
31.555
0.901
23.022
24.025
32.403
4.395
19.586
3.279
20.96
6.643
16.47
17.414
15.45
20.833
16.307
13.882
28.962
31.78
8.795
10.93
28.333
25.067
2.063
7.609
28.01
4.474
23.636
17.746
8.612
11.005
18.295
20.008
21.673
9.372
12.495
25.796
6.444
15.695
13.89
24.322
7.912
4.596
15.626
6.598
27.014
2.207
32.697
24.299
28.353
1.585
15.739
26.492
24.52
8.748
28.316
20.007
8.675
19.653
8.778
1.518
14.938
6.971
27.035
10.528
12.691
11.88
29.65
13.448
12.666
26.518
16.35
0.74
25.381
24.467
1.827
7.321
20.409
21.512
17.789
12.196
18.567
32.518
0.642
17.364
6.779
3.298
16.392
32.566
4.279
9.283
12.776
3.793
2.683
13.433
8.961
1.94
10.312
32.272
11.135
21.389
21.573
2.469
7.261
32.604
10.721
0.249
17.448
31.718
0.186
7.748
28.934
10.318
7.87
9.676
21.496
14.369
21.903
7.605
10.588
18.896
3.884
14.363
19.126
16.74
3.535
9.054
3.503
15.213
25.361
13.501
5.214
11.323
25.172
8.487
29.383
32.593
4.706
14.413
19.873
19.223
25.17
22.012
22.109
27.855
9.644
32.17
18.531
8.394
7.117
21.583
19.359
27.356
1.676
27.766
24.636
25.357
5.149
6.291
14.255
14.993
8.246
14.231
7.928
3.323
4.209
12.226
24.1
20.909
20.466
3
12.567
0.403
11.849
28.12
15.752
17.681
9.625
19.913
10.829
15.929
19.45
13.397
15.321
17.218
29.725
27.003
6.659
7.477
16.687
18.623
8.969
7.914
12.799
12.229
28.628
10.291
26.466
15.134
28.029
26.967
10.711
17.762
12.305
31.426
29.287
23.679
25.233
7.418
31.439
8.528
30.781
13.525
6.369
17.778
0.786
22.506
26.92
6.995
21.394
32.069
3.275
27.787
17.859
9.823
32.435
2.672
24.442
5.197
17.392
19.684
9.177
23.863
31.577
29.554
16.407
30.22
4.211
7.322
30.079
1.14
5.525
18.28
25.788
3.334
2.377
4.94
7.763
20.924
2.804
12.837
7.281
29.859
17.082
16.543
2.535
13.015
0.156
30.911
31.347
19.375
22.243
29.372
30.785
26.677
13.25
26.641
2.737
5.849
15.927
11.472
6.747
12.134
31.282
21.305
22.097
13.108
30.713
11.659
32.419
32.16
4.811
8.73
14.377
22.713
0.707
1.442
19.836
19.004
17.92
28.635
0.326
11.459
9.475
15.949
21.948
26.937
22.104
14.694
28.008
25.745
1.401
4.042
26.924
30.135
16.623
7.146
26.5
30.663
5.05
10.2
2.315
19.582
19.955
9.05
7.745
25.326
16.56
0.061
25.227
5.749
28.968
10.475
26.747
31.215
1.816
17.728
6.994
25.387
31.333
16.794
31.171
19.1
17.41
19.503
28.154
21.329
5.652
15.524
26.333
3.879
24.404
6.619
5.778
21.31
7.605
12.812
31.297
12.457
17.48
30.999
3.867
25.962
14.428
8.472
22.683
22.941
10.729
8.508
7.179
31.987
19.247
7.892
30.027
6.242
11.162
27.816
10.446
26.651
14.825
5.262
22.245
4.541
12.687
7.995
29.76
19.144
30.553
3.672
11.185
17.236
10.578
15.577
3.38
10.499
26.084
6.538
11.821
22.068
3.647
28.65
7.92
0.377
2.047
13.117
22.918
0.332
16.904
32.733
3.503
30.717
0.181
18.129
28.195
31.727
13.619
22.432
25.373
4.1
25.639
15.463
17.946
0.086
24.471
7.21
2.782
30.504
22.535
5.992
31.161
24.092
2.274
21.234
24.328
24.486
1.052
9.469
21.502
7.36
24.854
6.261
1.189
27.359
21.186
14.996
5.919
11.814
26.887
26.292
6.194
9.178
0.359
1.121
4.356
12.567
10.975
27.571
10.786
2.497
0.27
25.562
32.711
17.34
17.05
28.667
2.908
10.848
9.936
24.123
17.979
26.151
13.962
19.737
27.064
19.625
11.35
6.912
28.77
27.851
8.148
29.724
15.494
11.059
0.096
29.294
2.037
0.767
8.945
1.051
0.263
16.054
26.433
3.082
14.56
15.742
14.383
28.845
18.162
6.288
27.489
3.359
17.859
15.594
17.453
14.448
3.313
19.779
7.61
22.333
19.571
24.644
0.098
11.139
27.937
28.405
9.819
22.196
23.159
1.91
13.207
16.907
6.55
6.127
9.448
24.861
20.875
26.057
14.952
0.69
10.452
1.311
24.856
9.17
7.2
25.711
24.519
31.011
12.887
16.534
19.254
8.818
12.762
5.371
1.401
15.503
15.116
23.562
19.616
17.758
27.665
13.284
7.319
1.579
29.142
15.188
26.699
30.782
10.833
15.11
28.174
22.447
15.37
28.403
11.069
22.652
18.138
1.056
13.088
12.761
4.594
7.816
27.921
29.639
23.328
31.574
32.225
23.272
11.086
0.856
24.695
5.778
21.58
25.009
29.114
13.602
31.695
29.39
29.618
10.899
22.457
8.091
19.433
9.551
32.666
30.966
0.28
9.54
30.583
10.084
15.359
2.363
22.475
0.77
20.373
1.637
14.028
26.559
3.169
15.927
14.063
6.601
25.384
26.232
24.238
20.037
6.856
14.233
7.561
11.331
7.524
5.444
8.779
23.025
8.385
9.527
26.254
27.15
11.76
18.515
4.993
15.778
19.502
10.736
9.193
11.757
21.256
22.9
26.47
4.765
10.179
8.74
19.192
30.788
27.13
5.434
2.753
6.92
21.385
31.287
12.557
31.133
20.394
6.522
1.679
5.232
3.422
5.394
22.509
11.557
4.367
17.361
13.44
6.724
2.419
17.057
2.645
0.815
27.571
12.315
17.271
6.232
6.861
18.006
18.544
7.088
7.735
18.173
3.085
19.811
11.205
28.069
1.122
4.29
2.252
23.645
13.582
23.936
1.672
13.958
11.968
20.77
7.611
24.037
10.234
29.873
28.055
1.526
4.885
2.738
8.67
4.483
21.894
31.064
1.096
28.278
1.119
9.463
15.653
25.58
18.969
20.156
1.859
1.674
22.928
19.356
23.314
18.196
4.687
10.122
21.766
20.283
14.862
2.285
23.357
8.375
28.537
26.705
18.018
10.902
14.899
28.764
4.561
18.644
23.579
6.66
22.267
25.131
18.382
22.784
6.156
6.188
24.685
27.772
7.628
15.759
26.272
10.257
27.843
1.736
14.042
18.676
5.537
10.459
15.583
11.118
25.821
23.152
16.516
29.836
13.723
27.434
28.598
1.047
27.603
25.909
18.878
17.094
22.96
27.934
20.419
8.371
5.174
21.48
7.825
22.54
31.528
3.932
21.913
18.443
30.761
3.232
28.472
31.784
14.625
4.363
28.22
13.197
27.106
7.48
1.188
31.946
12.556
1.625
6.055
14.794
29.741
14.798
17.656
8.197
10.029
24.311
19.785
2.296
10.986
19.27
2.062
9.938
32.543
31.896
17.539
29.041
19.338
3.525
15.344
24.46
1.102
22.901
31.019
16.434
11.67
16.182
22.879
18.547
0.635
16.076
2.573
10.589
0.808
24.008
10.32
16.938
11.835
2.909
25.957
17.079
26.991
30.318
21.61
21.048
23.928
2.539
17.766
3.627
18.735
0.862
20.874
30.09
4.079
22.465
31.927
5.189
1.855
23.187
4.16
0.751
18.353
23.339
4.848
3.767
1.29
11.339
0.591
7.579
12.706
18.936
12.577
8.92
28.942
4.489
28.464
14.245
7.677
16.383
24.139
11.296
26.464
10.9
6.287
9.353
18.638
26.007
3.045
5.806
25.126
19.83
11.98
15.27
29.302
9.757
29.273
18.882
31.259
17.534
5.499
2.753
18.474
30.321
15.748
8.771
30.479
7.359
30.693
6.273
7.284
11.129
2.361
32.058
12.389
1.167
11.654
14.065
28.593
24.733
11.711
21.077
15.763
14.856
28.301
26.113
18.577
28.234
23.63
24.165
30.373
2.442
22.623
17.924
23.707
28.784
2.966
24.033
17.594
23.607
16.915
6.707
2.214
23.812
13.369
22.368
17.029
22.134
24.823
23.337
6.497
10.878
23.884
30.242
11.469
1.649
15.626
22.886
25.548
1.627
30.938
29.832
8.942
8.855
30.08
28.621
11.708
7.068
4.192
5.784
14.166
22.554
21.825
17.957
26.203
26.95
16.722
13.434
20.489
10.609
14.186
9.115
11.942
10.464
2.452
21.758
22.302
23.768
15.307
20.798
12.781
17.656
25.602
22.547
15.167
31.436
19.304
3.202
20.054
24.478
13.545
12.625
16.429
23.695
27.896
2.494
3.419
26.855
1.676
12.913
7.993
19.114
26.984
1.71
27.719
17.772
5.536
26.063
30.668
11.109
16.473
27.89
29.885
1.224
11.728
30.959
4.064
16.721
27.806
1.165
9.521
10.269
22.074
14.069
25.733
31.167
30.911
13.926
10.605
30.864
19.951
4.907
2.653
19.27
25.464
24.266
25.358
28.105
22.647
17.279
24.096
9.282
21.563
12.264
16.9
9.332
23.115
27.394
1.305
26.959
8.106
9.3
27.925
25.794
17.753
21.61
15.783
0.978
7.198
0.389
14.939
14.569
21.892
15.505
32.701
0.112
17.955
27.223
30.657
5.023
7.457
11.508
28.002
15.764
13.561
0.394
0.906
1.699
24.955
26.165
4.914
10.734
24.341
7.233
13.514
2.357
18.256
23.194
30.939
4.847
11.933
1.155
5.099
20.121
20.306
14.475
0.417
0.846
26.096
19.389
25.385
11.416
8.871
1.304
7.386
12.678
21.532
11.583
30.486
4.606
12.137
18.033
18.034
32.341
22.885
0.186
24.343
3.357
5.415
15.979
22.377
0.83
15.301
15.561
24.038
25.161
24.929
13.57
9.808
12.552
19.303
2.405
12.814
12.89
7.184
21.201
30.672
32.317
22.315
25.198
11.89
12.589
9.244
2.972
16.163
9.645
28.965
18.985
8.902
27.683
23.524
6.343
11.928
29.928
0.797
3.005
5.139
8.352
9.658
0.988
6.163
10.951
13.072
3.509
17.72
8.845
12.388
16.649
7.563
26.084
6.062
13.441
3.94
21.207
5.02
22.943
12.683
8.989
15.578
21.749
2.717
9.71
15.505
9.877
26.545
19.477
30.766
14.024
1.596
14.919
10.852
6.915
5.426
21.939
3.444
10.006
20.846
32.474
31.404
7.847
16.724
28.321
9.005
6.879
21.429
27.044
17.906
30.819
26.098
15.822
1.806
24.966
30.053
15.911
19.509
18.621
32.764
12.524
17.022
26.451
22.567
25.573
29.031
5.213
28.661
23.283
32.538
2.033
24.442
19.689
2.543
24.211
10.867
25.244
15.153
28.912
2.349
27.71
30.501
21.455
14.498
0.231
20.04
5.188
5.605
15.477
5.081
1.062
2.241
3.99
15.767
10.948
0.413
22.051
28.876
11.732
3.747
10.16
24.714
18.092
19.49
5.729
24.885
6.069
13.36
20.479
21.825
30.236
4.499
21.834
22.333
31.69
6.626
15.249
17.681
30.103
29.415
11.393
4.228
0.442
10.056
6.203
30.977
29.316
20.07
19.881
4.762
18.767
27.526
27.921
15.949
23.985
18.479
26.858
30.598
1.269
19.922
2.287
6.886
19.915
8.881
9.075
2.627
9.278
3.577
0.244
20.976
29.159
26.417
7.666
13.118
3.68
5.336
16.129
14.402
5.116
24.138
2.846
13.529
27.829
5.348
8.255
22.762
11.11
22.632
22.062
14.315
1.339
31.395
9.11
27.047
32.613
17.997
22.878
10.302
9.49
11.568
10.295
3.949
22.94
8.589
9.329
24.847
6.912
7.867
15.379
29.412
18.579
9.489
21.29
10.642
16.88
11.526
31.329
9.449
29.237
21.911
29.65
0.363
7.023
20.969
31.26
21.26
30.29
23.088
32.182
15.67
31.278
9.167
19.587
19.472
24.862
9.409
22.438
29.44
15.491
9.783
2.967
21.615
11.696
27.266
28.278
14.028
5.863
27.188
30.88
19.155
22.661
27.778
23.425
9.999
28.281
32.493
10.921
7.325
0.506
4.13
6.945
18.74
17.274
12.83
19.711
2.658
8.405
18.325
21.304
13.848
11.215
8.341
28.086
15.465
17.597
19.047
10.666
5.775
23.938
5.814
23.588
10.031
26.813
7.666
10.977
28.638
18.753
16.631
5.987
16.355
21.958
28.138
16.455
16.446
17.63
11.364
19.668
0.234
5.418
13.523
14.032
27.488
17.869
5.917
26.263
15.964
29.473
13.446
21.87
30.435
11.177
4.307
10.772
19.077
4.423
16.047
0.922
5.856
6.831
27.471
26.229
27.237
2.332
19.794
32.722
2.655
26.178
31.467
13.097
6.704
7.811
27.457
9.749
18.398
2.917
10.006
15.971
8.655
0.58
27.815
18.024
31.185
15.172
19.156
11.16
31.07
9.354
30.593
2.901
19.229
30.124
25.916
0.517
32.171
5.989
23.584
28.775
0.924
13.198
6.649
11.047
29.885
0.329
15.785
18.608
29.852
8.576
0.458
0.321
25.163
8.078
2.708
21.827
13.664
27.195
19.201
28.122
11.328
22.766
17.712
27.578
12.19
4.382
10.759
6.204
3.902
24.586
7.197
11.44
31.743
23.722
6.615
9.205
25.368
26.085
21.201
19.016
3.746
20.74
27.775
32.602
12.119
23.655
31.252
24.229
13.209
14.966
11.17
16.895
4.022
18.651
30.851
21.104
23.402
18.415
18.681
6.977
26.789
9.841
25.361
21.333
14.223
13.694
7.885
20.669
27.593
22.717
9.601
23.174
9.974
1.755
16.51
19.669
27.771
11.831
31.47
17.207
29.314
20.958
6.911
15.666
1.093
29.369
13.892
28.96
22.921
6.405
25.944
16.701
1.896
4.612
23.236
1.79
28.244
13.81
24.866
10.404
18.777
19.003
1.155
11.538
17.058
21.483
27.407
16.859
12.607
28.262
8.427
26.528
25.638
31.321
23.392
14.489
7.799
14.576
30.521
32.113
10.5
10.058
13.932
1.111
7.44
11.818
0.253
28.242
19.543
31.215
11.552
26.324
27.215
3.782
4.766
31.123
23.214
27.934
28.025
31.38
18.732
23.132
21.459
13.448
28.298
8.656
17.164
20.828
9.939
25.064
2.091
12.556
15.586
14.756
1.919
8.888
3.876
27.21
10.118
13.305
29.087
16.731
25.357
2.677
28.979
24.261
18.073
31.665
23.584
11.098
23.814
22.311
13.257
4.993
20.334
5.785
27.576
23.084
15.436
26.788
6.625
6.154
2.529
18.84
31.787
15.101
14.295
7.815
30.508
6.606
29.733
1.692
29.236
28.704
30.514
22.19
13.454
22.178
27.453
29.461
10.242
2.953
25.34
31.677
9.374
7.998
9.091
32.377
10.679
22.867
17.768
9.113
10.282
27.068
28.965
2.238
16.871
14.908
15.037
15.853
8.881
29.725
24.739
6.371
22.047
3.62
29.143
21.16
16.103
30.404
8.018
9.063
4.955
11.922
15.524
20.605
0.82
26.361
13.276
24.784
27.279
31.023
28.84
27.49
13.877
18.791
1.725
13.35
23.839
27.209
6.009
2.834
4.922
5.279
15.047
8.565
6.503
18.257
28.484
18.827
20.166
9.107
21.92
21.582
26.42
22.877
15.174
0.4
27.41
14.363
14.399
13.895
25.673
14.247
25.683
27.944
23.69
3.444
26.482
5.495
4.315
8.716
26.963
21.533
32.335
31.42
9.307
23.291
11.284
27.533
8.128
19.07
22.195
9.591
21.742
20.851
24.724
29.906
17.45
32.541
11.201
17.421
15.477
31.621
16.619
13.986
23.219
6.674
26.546
28.745
1.036
31.321
5.153
23.661
24.467
11.062
19.832
2.524
4.901
1.052
29.231
28.354
18.324
10.409
32.055
10.456
14.341
27.262
12.419
3.545
20.631
32.077
18.631
8.246
8.262
12.595
7.808
15.37
8.718
10.057
22.58
4.176
8.531
13.43
4.603
14.42
15.744
26.247
7.742
2.407
20.719
24.449
17.343
26.839
16.137
31.541
7.385
15.902
28.078
29.462
31.754
21.85
28.119
29.768
31.15
17.917
6.009
23.545
3.853
12.742
7.341
3.572
25.24
28.656
22.543
6.515
10.608
30.889
23.139
8.245
16.936
9.413
31.615
13.265
27.852
5.556
29.285
7.498
17.442
22.961
14.511
17.123
23.599
8.253
15.664
8.245
10.749
4.812
10.712
1.15
6.3
9.662
16.6
2.876
28.519
30.096
5.383
0.763
28.04
1.108
8.58
13.931
16.063
27.486
1.181
19.381
11.615
21.825
25.072
11.791
13.721
21.498
12.24
13.711
24.06
26.474
29.675
0.316
31.037
18.442
13.097
14.187
13.62
18.906
6.359
8.265
6.952
27.546
6.404
20.148
25.932
26.173
4.651
19.279
19.849
20.635
12.819
30.165
14.718
11.11
8.692
4.269
26.566
26.975
15.835
10.943
0.633
18.377
23.375
23.431
15.093
2.846
25.397
1.383
21.214
29.698
17.137
4.674
13.923
0.117
30.926
24.134
3.011
19.788
16.288
17.673
23.568
11.234
7.592
1.24
14.644
16.395
23.223
27.724
1.329
14.921
8.598
1.565
16.045
0.579
20.646
14.139
30.381
25.97
15.812
0.795
21.409
7.71
29.039
27.215
17.825
18.057
7.469
5.978
20.47
3.178
20.778
19.906
3.036
14.492
13.603
20.327
18.566
24.344
18.562
11.282
27.747
19.233
28.107
12.113
31.648
31.678
17.718
24.707
26.606
17.517
6.814
18.735
3.461
26.134
27.289
30.106
0.36
13.374
17.129
25.496
5.355
6.781
0.531
21.41
12.915
5.682
14.925
12.329
30.59
30.837
15.261
32.554
12.259
1.101
2.368
4.611
5.722
15.651
15.945
26.501
32.318
31.095
9.61
29.77
19.09
3.538
2.231
17.736
22.083
9.212
31.433
12.455
12.716
4.718
8.609
2.256
22.879
18.442
17.134
1.479
18.979
8.202
6.224
22.714
5.689
12.855
11.966
7.642
24.548
29.531
21.797
8.297
23.848
14.84
24.145
9.492
18.641
31.546
14.865
11.908
25.783
21.547
10.646
28.72
28.993
13.094
4.893
25.461
15.912
13.71
14.542
13.032
14.461
3.519
22.243
28.651
6.638
1.349
27.916
18.046
7.493
28.493
14.098
9.048
23.601
8.024
6.331
0.055
14.921
14.391
0.239
19.06
0.334
26.419
2.072
6.106
4.784
24.46
19.919
7.608
21.076
10.789
22.964
7.733
11.925
7.549
0.925
16.356
27.017
4.577
9.972
0.92
1.925
9.696
9.562
19.578
1.763
9.984
31.888
11.864
17.666
29.359
29.592
30.272
13.455
25.468
8.983
8.526
18.691
7.815
23.806
13.762
15.213
21.814
14.185
12.885
3.186
20.266
16.072
1.998
26.514
20.594
4.924
20.688
19.373
12.286
30.02
15.35
7.365
12.886
1.432
23.586
0.773
31.884
15.445
21.265
15.106
13.166
23.387
2.611
15.17
6.913
24.563
28.09
21.243
18.987
14.262
24.049
9.756
18.096
15.53
19.152
10.897
7.52
15.533
11.725
2.755
19.086
4.119
22.004
4.447
1.731
0.923
14.906
0.601
19.38
6.51
17.935
1.328
9.586
26.027
21.554
1.139
9.185
2.551
19.401
9.86
0.107
5.217
5.041
17.308
19.445
17.803
20.499
32.015
14.61
0.527
7.736
22.994
22.135
29.468
17.054
3.13
19.888
6.752
32.075
17.67
31.249
23.851
30.817
14.24
27.63
19.153
1.267
13.216
11.279
8.784
6.679
30.61
21.342
23.346
19.004
8.441
19.171
13.749
8.894
23.956
18.418
5.674
10.68
16.863
22.691
12.187
28.186
26.845
5.251
16.816
24.059
16.661
17.801
28.115
22.32
10.97
7.5
26.515
9.757
19.408
19.058
1.094
26.315
15.276
0.62
28.147
31.803
28.219
21.345
32.111
4.602
32.422
21.095
32.709
23.542
16.372
31.225
27.355
2.192
14.032
19.622
17.747
6.386
24.717
4.102
17.84
5.027
27.495
13.298
27.834
17.752
17.42
14.836
7.971
1.038
7.259
12.541
0.618
10.325
20.331
6.486
8.448
12.527
18.127
17.625
6.57
17.561
17.688
1.889
24.102
1.577
14.748
19.327
17.681
28.377
0.374
24.431
29.448
8.931
14.798
3.658
24.334
29.774
1.883
22.908
30.253
2.055
30.501
26.233
8.8
20.787
23.696
29.868
14.513
22.212
20.63
28.592
4.767
30.538
13.908
29.123
22.21
7.948
26.824
19.064
13.49
9.304
30.169
23.98
6.18
15.895
2.711
28.346
5.974
18.596
29.893
11.251
8.366
19.679
23.957
3.656
11.166
32.125
8.626
24.906
28.874
7.842
27.267
1.877
28.013
2.993
27.823
19.975
13.816
20.323
28.636
26.359
23.549
0.534
0.957
22.692
27.468
25.192
1.611
31.66
16.988
23.557
24.402
22.591
18.924
28.861
5.424
30.674
20.457
14.298
7.897
32.536
2.451
26.544
5.919
9.262
0.22
7.541
13.617
21.782
28.944
22.355
11.873
8.806
22.203
21.692
25.898
16.961
14.024
20.734
2.417
16.263
24.806
19.479
3.595
10.569
12.592
21.962
6.016
22.144
5.388
3.826
18.446
4.606
22.355
21.783
3.313
17.06
30.643
19.519
20.706
25.558
4.434
15.11
14.302
25.132
5.3
27.889
18.472
12.394
22.751
3.84
9.361
10.419
18.365
14.978
15.351
3.577
10.689
8.749
4.62
16.824
21.709
5.486
1.368
0.484
16.98
19.966
13.954
17.184
20.668
15.286
29.899
31.536
13.318
17.06
21.467
28.593
22.96
8.03
20.16
23.815
17.37
26.006
7.22
2.456
8.105
19.695
6.174
6.456
6.889
16.399
26.204
13.539
15.606
25.078
12.992
23.218
18.14
32.142
12.888
27.144
24.253
4.995
18.931
16.396
2.675
31.316
32.224
30.813
15.735
17.579
3.833
9.729
32.257
25.066
26.849
6.302
25.969
11.526
17.801
0.492
32.75
23.96
10.745
3.946
20.301
3.889
8.269
19.536
30.004
21.23
21.245
24.517
18.559
32.589
28.002
31.571
23.01
12.863
25.974
3.48
11.216
14.719
4.828
3.39
8.604
21.793
14.112
28.717
27.103
2.158
23.359
8.958
26.649
27.887
9.834
5.299
24.987
15.304
4.615
10.918
29.092
0.328
7.929
12.48
2.25
11.965
28.705
6.635
31.643
32.397
28.196
9.418
25.733
24.194
22.639
14.503
23.795
21.606
26.489
3.757
20.921
4.304
25.672
31.575
30.386
9.277
22.839
27.688
7.591
2.658
16.374
28.061
29.811
32.705
20.69
19.808
28.261
21.883
22.327
11.454
23.782
14.181
12.147
5.979
31.58
6.237
20.924
29.22
29.262
14.559
3.701
22.15
5.576
31.699
24.493
11.741
25.345
32.169
29.673
8.496
0.315
8.616
22.051
12.571
18.923
2.435
22.29
2.572
7.194
11.054
7.084
26.803
32.523
30.959
29.93
8.883
22.558
20.408
25.803
10.142
14.324
8.116
29.851
3.616
0.724
0.8
16.501
0.378
30.797
14.172
23.559
9.01
24.093
11.33
29.845
13.577
21.074
7.606
21.568
7.982
2.223
27.518
10.889
9.905
30.545
9.045
15.889
26.682
13.971
28.986
27.554
27.387
6.19
27.15
5.747
24.547
14.757
25.694
28.072
24.853
5.6
21.374
11.033
17.816
23.062
22.743
12.116
23.888
0.497
32.641
7.909
10.541
32.493
22.037
25.813
25.506
28.418
23.228
15.984
27.993
9.858
28.044
13.387
29.221
4.42
15.637
9.35
23.096
12.034
24.886
16.975
23.446
12.032
6.198
11.943
16.329
28.398
23.055
3.689
12.758
24.848
13.837
16.776
10.353
7.58
11.928
8.088
16.493
9.06
1.87
23.952
7.03
2.996
14.678
0.206
5.89
13.694
0.496
0.859
28.549
11.188
16.208
3.441
9.188
19.19
4.012
26.682
11.565
27.245
26.26
3.547
24.197
3.063
3.202
31.409
0.354
22.404
15.538
9.178
0.506
26.048
21.811
14.072
16.379
7.666
19.775
1.841
22.396
11.043
26.056
19.323
30.259
19.588
18.515
4.63
4.329
1.29
2.057
3.417
3.372
28.251
14.603
7.602
13.124
13.037
4.615
15.593
31.848
29.548
19.465
11.94
4.401
7.005
13.459
6.704
3.15
26.882
9.711
29.054
21.882
11.389
22.98
18.796
10.411
0.567
18.92
1.862
7.564
3.203
4.981
1.933
17.198
28.799
4.127
8.695
9.21
6.715
6.596
11.958
17.899
3.102
11.333
28.925
31.482
15.749
22.933
2.753
5.593
19.628
17.423
23.997
22.243
2.002
4.877
32.184
9.556
4.504
5.558
6.154
26.805
9.387
2.071
29.789
5.787
15.01
11.894
29.361
18.577
6.698
15.074
10.915
28.243
4.192
12.559
4.078
28.733
22.91
15.457
16.434
22.018
31.93
11.335
24.052
17.825
8.043
2.762
7.398
28.309
4.974
0.358
25.449
13.644
9.416
0.024
9.553
13.019
27.276
23.224
23.528
23.792
7.936
20.617
16.181
27.144
17.147
12.815
9.342
17.89
4.241
6.432
9.739
10.803
0.242
26.43
30.765
12.187
27.024
32.292
3.967
27.352
29.824
26.271
31.852
27.194
30.755
22.943
8.177
10.07
29.189
24.462
7.588
16.639
10.501
31.2
12.022
4.466
15.031
2.796
15.285
29.905
6.15
28.666
23.509
21.459
13.598
0.413
9.839
18.105
28.809
28.227
29.194
25.732
30.103
8.97
27.162
4.709
7.684
14.037
7.622
26.485
5.845
2.976
27.63
30.886
19.587
6.672
28.781
8.441
25.179
6.99
22.171
6.642
14.629
1.302
13.59
30.794
18.692
3.083
22.211
24.803
21.149
8.27
5.391
2.561
11.131
6.222
10.107
23.734
10.674
32.226
3.159
19.102
29.379
12.693
28.365
11.213
12.736
22.592
11.81
14.598
30.897
18.143
27.193
30.253
20.789
24.733
14.681
8.447
16.493
6.961
27.439
30.721
16.917
7.533
32.023
28.086
32.5
11.284
9.111
7.189
17.015
22.765
3.372
3.13
29.593
10.261
16.97
9.82
5.381
8.089
18.078
24.063
4.223
30.02
24.47
28.267
20.864
20.15
9.251
15.196
29.472
18.358
14.782
10.747
1.337
13.002
25.257
1.549
11.466
18.436
16.759
18.283
9.113
13.854
30.158
19.378
23.325
18.89
30.316
22.587
18.074
8.003
19.56
30.798
4.238
4.648
5.05
2.962
16.204
24.458
25.854
6.344
3.303
11.844
3.189
14.521
30.289
29.066
12.877
11.629
17.86
22.981
22.562
31.134
7.265
18.334
20.42
3.18
16.152
30.041
3.899
21.843
10.951
19.045
1.544
21.593
13.222
3.377
22.446
31.372
13.282
26.433
8.049
28.331
3.464
28.544
8.542
2.596
0.933
11.992
3.211
8.766
11.948
21.248
12.96
29.08
4.119
0.917
22.678
13.778
2.385
3.437
1.215
21.898
14.804
22.568
28.167
8.842
2.19
23.047
28.793
3.135
23.69
32.258
11.013
22.126
18.636
12.308
10.88
10.274
12.157
0.986
17.9
1.769
8.264
10.588
4.09
4.671
30.211
9.259
0.461
4.939
30.61
30.892
17.153
13.513
0.008
17.331
13.036
30.536
29.2
28.755
5.923
13.717
31.372
32.757
4.928
19.831
26.235
6.312
19.939
16.54
4.128
19.896
26.359
25.044
10.081
22.146
9.015
25.213
22.893
10.118
28.912
21.566
7.073
8.638
10.76
29.433
7.597
19.503
14.143
19.194
9.97
19.389
30.901
3.957
25.391
3.395
6.061
13.615
25.181
21.987
9.616
9.595
20.439
11.675
11.317
7.528
9.406
22.553
4.959
3.385
22.94
20.433
32.647
3.093
23.367
30.54
3.548
13.312
18.185
29.891
4.489
31.242
12.797
27.628
13.878
22.214
32.7
2.58
11.217
21.246
3.129
6.254
16.27
19.621
11.498
2.219
1.58
2.061
19.753
12.234
31.611
24.923
10.713
9.01
15.131
12.855
28.748
27.646
13.958
16.328
17.508
1.176
3.152
17.631
29.177
21.641
25.774
27.762
19.835
7.823
30.518
20.557
2.009
5.36
7.653
20.484
31.137
2.063
6.502
21.548
10.6
25.405
27.281
20.938
4.46
27.601
25.907
8.716
26.744
30.331
24.589
0.567
29.192
1.749
9.759
20.449
6.574
3.387
3.366
21.856
23.988
14.045
21.859
14.978
19.715
1.042
13.982
28.031
7.235
6.384
15.979
6.187
5.7
31.769
25.516
30.064
27.549
14.295
29.527
6.908
9.619
4.46
14.969
2.871
16.444
19.107
4.475
9.08
12.26
8.619
11.428
14.968
21.935
0.805
21.984
0.775
10.112
8.828
29.632
1.789
3.866
27.765
0.449
20.084
17.541
2.055
24.017
1.844
10.164
22.892
3.855
16.495
23.908
15.224
27.091
3.759
13.127
25.386
13.55
11.276
3.938
8.577
13.363
26.786
28.339
30.608
15.414
32.578
14.104
12.501
13.139
8.808
24.684
30.663
9.202
21.869
14.579
6.318
17.418
26.11
18.68
26.295
5.604
6.605
6.58
30.536
1.57
25.734
25.458
10.129
11.007
14.853
26.353
8.292
2.264
20.678
30.218
19.526
32.748
26.781
28.562
29.638
18.272
27.047
12.93
29.709
6.534
28.544
19.541
17.335
30.046
5.302
26.29
14.817
6.493
4.734
14.411
19.331
7.022
2.214
32.005
13.057
16.951
0.459
14.681
13.82
0.925
1.996
19.706
32.11
19.594
23.678
6.328
13.302
30.189
10.914
15.268
24.176
2.819
17.172
11.125
8.905
17.622
14.917
11.306
28.945
24.323
31.21
27.377
17.106
10.687
6.902
16.456
25.761
32.028
7.11
23.906
32.242
29.065
18.076
26.828
19.249
0.408
23.631
20.048
15.886
30.981
22.337
17.946
30.744
21.747
23.184
22.297
21.389
31.096
8.593
22.696
28.272
24.668
0.89
14.19
27.613
9.502
24.414
0.386
24.474
4.664
1.119
32.211
6.126
5.028
27.167
21.192
14.774
12.959
19.831
0.035
25.269
32.429
1.388
12.331
17.964
2.013
9.31
9.226
30.634
20.046
14.723
16.244
22.566
19.186
18.068
30.601
22.859
30.098
15.814
10.493
2.835
27.667
7.164
6.518
10.135
7.927
29.499
10.293
4.39
10.023
31.07
29.177
30.356
10.479
28.427
27.68
4.564
26.698
29.413
15.12
13.513
29.28
5.379
18.389
6.234
0.077
16.034
22.795
8.645
30.5
16.918
13.055
4.661
10.547
9.991
0.785
21.654
15.497
1.753
6.749
23.976
23.222
3.436
15.258
21.074
3.538
29.19
0.065
26.682
28.353
31.885
6.386
13.458
2.228
27.386
27.925
23.861
5.619
19.21
23.997
24.562
31.195
7.222
12.241
25.639
7.202
19.942
24.941
19.09
2.403
28.13
28.294
28.517
31.958
6.921
18.637
21.144
14.174
4.165
1.75
6.787
18.378
23.486
3.706
9.388
10.324
5.71
15.994
6.366
21.87
12.086
23.396
12.923
16.831
8.207
17.339
13.33
19.304
7.427
12.114
14.644
5.771
5.436
32.249
23.172
28.942
6.045
22.875
22.542
9.116
28.592
11.815
15.834
21.485
3.808
16.494
14.016
23.624
5.609
24.397
0.381
15.43
4.748
31.691
15.367
1.752
17.799
9.988
31.006
29.067
1.22
15.24
21.54
26.891
3.537
13.822
30.51
20.198
23.696
0.269
18.267
17.555
23.088
14.46
11.109
10.163
30.811
10.135
8.309
9.11
3.249
1.749
4.412
31.745
0.118
15.545
9.023
29.999
10.375
9.718
28.274
32.021
22.931
10.454
21.257
31.211
3.207
6.108
24.971
25.063
10.058
10.153
2.344
0.076
15.787
31.772
0.076
2.979
24.216
4.285
7.028
29
16.784
0.092
1.601
31.273
26.714
28.661
4.81
11.467
2.296
8.407
4.919
4.238
21.463
28.165
29.068
13.873
27.208
14.557
31.17
10.648
6.452
2.295
2.588
12.493
11.274
25.424
7.608
31.814
27.645
7.336
25.957
11.366
8.045
11.048
25.268
20.549
7.586
15.176
14.674
16.82
19.136
3.056
10.9
0.636
4.087
21.981
28.5
32.487
9.211
16.967
25.596
22.914
14.26
13.505
15.072
9.248
23.35
27.744
10.449
10.786
12.019
16.415
16.366
12.278
13.615
31.362
27.838
19.422
22.453
6.266
18.812
15.347
30.153
28.553
15.282
23.913
3.677
32.55
4.106
10.516
23.176
29.027
2.144
22.827
27.699
3.789
4.123
7.245
9.494
10.644
2.75
31.169
6.627
17.388
28.858
19.202
13.76
30.13
11.911
28.283
12.795
21.843
31.218
6.031
13.817
26.602
4.537
24.54
13.168
23.72
6.997
32.193
21.206
6.009
4.887
17.437
1.05
20.196
0.63
20.314
1.937
16.691
28.84
0.939
0.819
17.621
16.751
16.529
30.727
14.336
30.262
28.068
11.228
5.019
1.372
17.552
23.354
9.562
15.312
31.838
18.328
13.611
23.774
14.837
30.159
6.609
29.768
27.104
12.495
0.206
3.737
26.449
9.361
28.039
19.382
5.222
9.549
13.219
32.694
18.348
30.444
28.852
22.003
13.026
10.432
18.713
10.849
9.983
22.899
27.683
3.359
22.902
30.525
9.078
9.292
3.768
20.57
29.106
24.604
19.962
1.98
1.107
13.611
0.569
16.893
31.958
20.753
11.388
7.831
21.79
32.054
2.906
20.823
25.365
9.192
23.483
28.687
16.278
11.178
5.859
18.572
5.259
7.375
20.908
21.191
5.714
17.736
8.466
4.959
11.366
20.155
10.229
0.583
3.387
31.445
12.827
18.876
20.841
31.2
0.117
29.051
16.909
3.992
10.915
18.992
26.22
31.29
14.777
11.569
5.338
20.447
24.644
25.708
2.779
17.928
29.576
20.127
20.615
6.01
2.572
5.063
27.443
31.82
25.433
32.218
9.037
26.686
31.998
18.872
24.968
0.844
30.935
1.119
26.425
4.227
14.479
18.527
26.113
14.1
21.092
28.559
15.021
24.999
17.194
3.325
20.314
10.225
0.403
17.195
26.845
30.345
22.189
19.064
25.442
26.871
8.108
15.324
8.786
2.574
23.786
29.656
14.203
28.285
12.844
8.621
1.387
23.968
15.399
22.221
24.86
31.9
24.387
10.895
30.423
12.202
29.598
17.958
30.29
9.651
29.268
27.86
18.972
16.926
2.046
21.595
24.122
22.758
12.408
25.013
14.867
28.911
16.36
7.684
29.065
0.154
31.995
30.668
12.649
22.679
12.402
9.312
27.397
12.538
19.934
13.722
25.375
3.217
6.567
14.287
10.249
26.229
28.755
27.65
13.067
24.032
4.869
29.272
14.597
21.566
7.492
30.924
28.245
12.679
2.046
16.932
16.891
17.099
24.013
6.436
21.499
26.383
1.144
1.025
11.011
32.343
16.317
19.481
27.982
20.228
20.814
11.744
8.392
21.856
23.065
17.694
13.939
12.664
24.78
2.392
25.865
10.026
8.601
28.299
5.859
25.726
2.871
32.289
28.441
0.57
3.369
31.773
10.731
29.36
6.978
27.801
23.648
21.211
2.665
3.442
22.316
20.906
10.906
6.21
12.503
8.604
16.941
24.718
15.132
10.381
20.059
8.769
26.512
25.04
11.518
5.209
24.452
9.853
5.016
5.089
21.291
20.492
30.615
31.519
17.408
26.915
19.415
30.99
20.066
24.749
14.185
32.015
13.953
29.484
10.643
2.779
15.486
15.952
28.439
2.748
31.694
13
11.448
27.133
23.008
22.616
25.339
8.094
18.431
6.188
24.363
26.957
23.673
0.364
15.775
21.65
1.793
15.376
24.896
26.698
25.682
7.67
1.093
0.598
29.973
5.681
17.985
15.764
15.365
25.253
23.392
29.71
1.873
17.361
16.621
12.658
26.945
8.939
6.936
10.691
9.245
24.114
8.183
2.125
3.403
12.16
13.258
10.974
11.191
24.862
6.787
7.475
5.496
17.629
25.222
26.801
20.656
8.546
27.821
3.158
15.283
2.498
13.711
12.526
16.492
21.327
17.41
28.042
22.269
7.601
24.798
12.334
7.078
8.504
31.748
7.882
31.72
14.192
25.247
1.131
16.106
20.982
10.922
7.859
27.931
21.387
30.643
24.455
23.321
32.615
31.966
30.471
23.506
29.391
24.62
14.787
24.041
23.786
25.341
14.123
30.811
26.833
29.652
5.192
10.85
3.557
3.419
32.426
21.145
14.949
1.703
19.362
8.545
3.136
14.524
6.065
2.692
3.111
7.508
31.295
31.257
7.911
19.164
8.592
20.648
8.438
29.12
27.381
27.278
24.651
16.104
19.263
13.986
26.739
18.307
7.033
8.216
21.73
25.091
7.639
20.39
7.559
4.2
20.201
2.022
4.515
24.514
22.292
8.444
29.914
24.817
12.355
26.488
29.323
7.856
21.466
25.214
23.389
13.522
1.26
17.7
24.858
27.85
2.733
3.867
17.601
0.881
28.458
8.338
10.966
31.748
5.687
17.751
2.557
9.324
16.553
31.551
26.567
11.971
20.422
30.665
22.476
1.043
23.802
12.542
28.922
13.409
31.18
28.059
11.564
10.218
11.279
8.306
26.366
30.124
31.325
4.878
27.104
0.808
7.361
9.11
18.538
20.839
9.652
6.643
27.888
6.971
14.155
22.581
6.229
10.439
6.318
27.187
17.188
31.809
16.332
14.45
5.34
15.351
9.037
25.161
25.996
32.144
26.824
0.834
32.16
22.165
17.207
26.562
2.043
22.064
5.544
29.933
27.206
19.507
11.829
18.372
30.599
0.347
11.573
20.368
12.533
17.623
27.828
26.5
2.315
29.444
31.777
13.214
23.771
22.907
1.095
17.614
6.053
7.245
10.111
18.522
13.48
0.141
12.835
18.049
4.92
16.399
12.101
13.407
20.753
19.056
13.729
23.824
7.915
5.974
0.209
26.136
17.23
28.153
10.944
29.442
16.296
17.891
6.497
11.336
19.357
9.46
29.857
11.635
6.814
7.848
14.49
7.811
8.125
22.685
14.345
31.889
17.343
14.415
8.962
21.939
16.755
7.718
26.082
31.776
7.235
20.916
29.83
29.845
25.865
0.823
21.946
9.207
16.676
1.638
0.756
0.057
26.57
10.858
28.739
18.56
2.463
21.29
20.61
2.181
22.151
14.283
27.089
27.451
5.561
27.255
3.654
8.371
1.046
3.422
3.295
23.356
27.832
22.779
11.963
10.19
12.237
22.425
5.258
9.641
11.174
31.253
2.115
24.889
15.371
27.109
5.909
22.077
17.362
15.449
1.951
23.848
29.872
27.425
0.099
1.991
18.766
13.84
29.304
12.581
26.015
21.024
7.296
17.58
20.85
2.485
14.81
0.14
16.707
12.838
12.825
14.177
24.919
6.777
23.732
21.776
22.28
22.382
11.518
10.993
27.741
4.288
23.129
18.228
6.621
13.223
22.695
23.421
25.253
11.937
13.57
30.418
14.009
6.77
10.925
5.815
20.376
29.801
1.098
21.399
15.123
19.942
7.501
11.366
2.142
5.401
6.064
13.701
19.304
23.308
6.633
12.006
27.24
15.076
10.521
17.776
27.064
18.02
29.574
0.933
10.727
7.09
8.011
13.698
19.466
2.142
29.006
17.318
12.37
23.968
24.691
18.871
17.124
23.009
26.895
27.65
2.788
19.325
13.472
12.385
12.243
20.68
27.067
24.162
26.908
22.863
14.405
10.917
3.049
19.552
30.182
12.678
11.067
30.924
24.251
1.276
32.314
12.779
20.043
20.929
0.202
15.841
1.213
24.5
0.606
31.008
19.528
29.051
5.905
21.294
4.842
18.284
7.923
2.217
19.549
18.862
22.432
16.008
12.359
7.579
11.288
25.251
10.417
10.857
14.026
30.07
1.21
20.746
10.738
8.481
17.292
23.376
4.645
16.82
2.96
26.197
10.026
17.066
8.67
19.482
7.948
30.131
30.2
20.59
14.189
18.103
5.559
5.394
26.909
28.951
7.557
6.426
31.212
6.71
30.925
18.326
24.764
30.008
1.712
22.898
12.25
21.513
30.458
3.739
31.118
18.849
29.524
0.611
25.328
16.775
26.811
7.975
22.782
12.436
1.328
29.999
7.148
17.146
15.793
30.933
5.307
11.141
28.777
27.626
10.509
30.752
30.5
30.293
0.312
3.994
15.877
12.797
29.849
15.53
12.923
11.754
4.139
27.185
7.793
11.431
27.479
29.888
17.349
8.682
16.142
13.658
19.452
13.174
29.462
10.619
24.628
16.705
5.537
23.64
32.089
14.546
28.964
30.057
22.684
14.318
13.414
4.133
26.657
17.011
24.792
16.653
25.592
3.972
29.476
27.627
21.327
12.774
31.24
20.316
31.206
8.106
3.941
27.02
14.787
23.821
26.515
6.721
15.654
20.124
27.384
9.755
31.935
30.364
3.545
32.538
30.239
8.616
23.151
30.304
9.837
18.076
24.894
15.16
7.514
7.602
0.93
19.288
15.446
13.035
19.627
14.435
30.213
30.641
19.498
26.29
8.684
6.074
10.252
10.58
14.449
5.423
22.503
24.403
2.818
28.686
16.083
30.265
19.604
23.757
6.011
30.163
32.335
20.032
26.228
31.029
5.255
22.204
26.317
14.59
26.607
9.341
9.447
2.782
18.185
7.493
15.238
31.317
15.329
23.878
26.409
24.253
23.035
7.49
25.495
4.746
10.378
17.393
18.363
12.241
31.97
9.891
21.425
30.215
22.832
15.654
25.889
15.628
9.065
19.69
1.484
6.503
18.56
20.323
18.532
5.588
8.156
6.063
26.529
9.724
8.969
31.609
23.441
13.955
19.886
0.797
22.832
32.327
14.783
25.868
28.728
29.927
19.443
20.595
15.162
4.739
1.145
19.223
21.998
15.555
18.407
9.859
3.528
1.307
13.427
20.582
0.203
7.245
22.373
0.567
7.842
7.983
22.22
5.146
16.365
8.366
25.456
30.471
18.393
5.395
1.801
6.697
1.011
0.645
8.878
16.26
15.934
6.863
12.688
0.987
13.698
8.804
9.192
7.633
28.648
18.592
26.158
6.222
7.108
21.841
26.764
3.108
29.362
20.342
14.994
7.411
21.22
0.327
3.883
15.69
0.698
32.117
15.568
32.27
21.139
2.482
3.579
27.936
4.324
4.724
30.175
18.234
1.159
3.062
32.086
0.282
24.917
25.728
31.771
27.619
27.382
27.625
29.241
30.912
14.84
21.594
5.571
24.522
22.303
12.372
26.822
11.82
8.444
4.597
27.516
32.644
12.225
12.151
16.066
26.253
11.092
12.537
19.148
18.684
18.338
2.946
15.896
12.967
23.35
3.395
30.88
25.58
17.418
32.54
14.164
8.017
3.741
32.61
5.063
31.336
4.933
31.2
11.305
13.814
32.199
24.859
1.909
24.915
29.477
3.291
2.539
19.732
18.871
25.062
3.521
4.328
1.917
9.999
29.718
10.432
6.836
11.119
16.935
27.955
0.167
8.691
7.877
27.424
20.168
22.039
17.415
24.213
20.991
7.664
14.652
21.743
14.402
11.632
26.915
14.915
30.822
12.006
26.719
22.013
27.701
17.604
0.037
31.431
20.672
22.693
20.792
28.077
8.439
23.438
8.983
18.558
32.374
23.412
13.172
23.413
7.33
4.607
6.633
21.016
25.077
20.622
5.095
8.033
13.206
28.027
19.695
29.98
7.981
5.792
30.468
19.088
22.261
11.546
18.272
13.921
13.331
3.66
11.11
8.117
13.094
28.199
18.904
2.71
7.967
9.897
9.29
0.92
24.147
8.356
27.862
28.347
5.582
14.785
25.618
15.762
5.866
19.396
21.311
20.645
19.233
14.61
30.403
2.069
4.64
8.816
27.866
18.302
17.948
10.765
31.88
28.961
23.145
26.563
18.642
7.235
18.505
29.338
17.453
2.768
15.874
9.102
30.775
8.772
17.459
30.098
30.117
27.595
19.815
9.94
0.124
24.487
25.579
32.579
19.589
32.723
27.101
24.655
24.058
1.51
8.07
0.495
25.222
10.297
25.578
0.233
5.741
14.924
25.5
8.782
2.566
11.366
10.711
28.739
23.41
11.9
18.379
5.127
14.472
31.316
1.589
4.402
15.631
2.283
21.81
17.979
0.304
14.099
28.245
22.077
27.69
7.52
23.799
24.571
8.008
8.005
24.782
9.761
3.345
30.075
24.258
3.277
4.286
14.242
21.499
4.173
6.641
10.539
32.575
6.443
16.547
19.829
13.435
20.838
21.854
1.846
3.743
24.323
16.813
18.205
29.615
10.18
19.666
3.51
7.959
0.568
6.326
17.549
9.792
30.708
27.43
12.95
11.104
32.031
5.947
4.044
12.95
16.692
6.938
31.769
19.766
32.003
17.886
23.926
3.938
25.081
31.187
26.963
0.986
3.746
24.293
23.865
4.628
11.372
6.488
10.926
2.704
6.83
22.713
6.745
19.814
19.176
21.268
10.854
16.161
12.877
0.103
11.308
32.719
29.822
10.839
25.869
6.233
11.161
9.25
13.982
4.625
29.042
16.085
4.616
11.402
3.616
19.903
15.023
9.644
28.604
20.261
7.185
18.439
20.325
3.383
14.064
13.16
10.119
19.267
27.059
5.034
24.413
21.289
6.154
14.799
20.405
30.479
30.161
19.28
1.268
23.381
31.031
31.664
25.177
7.371
14.367
1.111
2.694
10.018
13.51
20.126
12.604
20.385
23.974
1.063
14.95
2.073
17.563
31.087
19.033
15.899
20.805
9.894
11.098
14.952
29.357
8.894
11.36
5.289
5.163
21.698
23.836
3.937
22.919
20.329
19.255
28.703
26.206
2.795
9.435
10.232
13.511
28.947
25.716
24.628
16.183
28.565
27.064
16.2
0.418
1.187
9.189
31.237
5.603
31.163
12.617
1.294
28.51
16.579
6.152
31.375
31.204
10.071
31.77
2.092
8.151
21.602
30.355
31.032
31.63
17.387
29.223
12.584
14.33
13.618
12.525
10.823
25.738
16.124
24.419
19.627
16.461
32.299
22.707
12.647
16.471
4.753
0.052
9.73
21.861
24.07
21.556
1.064
13.508
14.776
7.669
12.704
10.35
5.571
25.333
23.678
10.871
14.082
31.602
18.33
20.391
1.828
29.23
15.168
17.769
11.01
4.464
28.201
26.339
21.295
16.715
31.402
11.623
31.441
6.946
13.356
0.01
2.224
22.124
28.892
9.874
1.677
29.365
7.076
25.494
25.269
17.125
8.793
31.2
28.63
15.813
5.174
8.47
5.904
14.271
1.161
11.674
28.751
27.11
1.452
28.59
13.529
27.19
20.535
3.548
16.419
31.004
27.252
24.213
4.841
18.489
25.619
1.304
3.197
7.779
31.263
21.909
20.064
31.98
14.129
17.554
32.271
10.791
25.572
25.999
22.815
17.705
23.432
15.589
20.364
18.125
6.427
26.868
6.223
5.115
4.213
26.237
29.742
1.321
10.178
29.773
4.824
1.825
25.909
23.068
20.017
14.597
9.467
5.812
12.267
11.153
27.502
14.678
30.038
9.633
10.124
27.225
1.401
4.595
31.143
26.388
3.425
31.277
21.085
29.95
14.009
13.09
32.203
4.116
11.419
7.761
28.414
22.651
25.254
9.39
24.49
0.871
21.073
20.134
6.175
21.307
8.83
7.517
29.56
23.282
27.987
2.362
29.718
4.285
6.213
18.853
31.821
29.677
29.301
18.959
32.604
18.964
3.392
28.723
16.035
14.183
0.785
6.044
26.384
13.927
8.314
26.216
8.923
12.993
9.092
24.395
29.555
19.314
1.347
21.719
26.552
0.046
0.429
8.698
0.618
19.971
20.908
19.4
25.825
32.57
19.313
28.794
4.607
12.926
23.82
10.167
23.908
23.872
5.433
14.355
23.264
19.801
11.901
17.878
25.134
28.145
20.594
24.318
31.455
21.408
31.583
2.183
17.556
21.46
21.004
12.521
12.144
11.123
13.781
11.235
6.349
30.913
26.876
7.031
8.238
3.203
11.076
27.19
18.549
22.117
1.211
15.037
14.679
28.825
13.015
28.8
13.58
3.777
27.588
13.766
5.707
21.519
27.645
8.949
27.253
21.674
0.538
27.408
31.761
18.004
3.304
12.67
24.952
9.291
8.127
27.917
25.553
19.052
16.656
31.798
21.056
19.358
30.526
20.131
5.467
1.902
6.063
18.414
5.854
17.143
3.106
16.3
20.895
18.693
0.579
17.066
7.62
21.882
14.716
31.094
3.379
20.464
25.359
22.561
27.722
6.559
18.53
31.556
15.057
29.313
11.161
22.081
12.588
14.773
5.738
5.835
9.685
3.362
2.861
25.001
26.378
3.164
19.507
19.638
23.747
17.099
11.609
14.893
1.767
32.01
9.181
31.011
11.199
3.469
2.16
20.309
19.115
17.543
16.268
20.516
10.004
7.946
15.367
9.438
32.673
29.04
4.073
10.815
17.838
4.347
32.635
1.848
26.874
16.568
19.104
8.43
2.975
26.025
8.296
4.102
12.872
17.954
28.899
31.52
17.566
22.644
4.403
31.393
29.187
25.801
26.085
27.062
20.099
32.335
1.922
18.582
15.367
6.041
5.472
5.127
29.644
13.89
10.942
13.859
17.428
2.515
10.768
29.788
22.044
27.11
21.144
32.446
4.173
32.652
21.558
1.14
26.806
7.661
21.889
29.07
15.29
3.63
8.214
14.849
31.494
21.144
26.417
21.999
18.631
9.462
23.674
21.289
21.273
13.374
1.825
8.179
0.962
25.972
4.396
29.447
22.56
7.116
32.528
29.916
30.048
19.471
1.407
3.623
19.697
24.383
29.058
32.675
25.912
10.366
22.215
9.997
6.79
29.228
30.78
5.491
27.719
26.192
7.901
23.215
10.876
22.073
21.193
10.799
5.995
9.573
10.908
15.607
20.884
23.457
9.465
5.352
6.632
8.818
16.486
1.346
18.998
12.724
17.757
9.32
4.07
28.545
30.367
2.787
16.105
18.26
7.116
0.938
20.72
31.854
6.705
4.512
25.82
31.609
4.065
28.255
21.11
28.524
9.479
26.164
9.825
7.598
1.914
13.674
6.733
19.838
17.554
19.148
23.916
16.018
30.011
4.965
16.682
29.438
28.743
13.194
7.705
20.568
30.473
20.763
1.322
23.578
4.127
21.253
4.387
5.959
1.167
14.859
27.725
15.698
13.078
30.407
24.173
27.195
11.708
24.811
30.454
27.643
21.932
13.261
10.109
17.186
26.947
13.347
25.197
5.823
14.439
25.354
4.604
8.064
29.466
25.166
31.582
19.994
17.998
28.133
25.144
12.523
15.099
3.772
0.087
23.774
2.928
27.319
9.634
23.952
25.319
22.003
5.197
28.849
15.195
2.382
27.984
4.268
19.87
8.745
16.664
4.746
18.342
20.332
6.268
23.315
15.655
20.427
2.546
28.471
1.64
9.544
12.035
25.517
0.335
8.697
3.58
28.634
26.813
12.812
19.431
10.228
13.858
1.8
15.033
8.807
16.712
2.133
6.093
3.192
4.723
11.519
3.729
29.224
6.828
8.887
21.376
15.707
18.01
26.139
27.472
12.345
7.698
12.343
29.292
24.277
27.056
23.883
30.884
27.66
2.471
12.494
17.699
3.505
31.381
6.836
5.794
7.143
14.107
25.069
13.276
12.237
27.627
22.574
24.642
5.473
12.834
31.475
2.287
5.278
17.369
9.669
15.838
21.992
24.31
14.776
19.291
26.026
19.016
24.121
1.975
6.974
12.5
16.134
10.56
26.381
18.281
27.518
14.448
19.447
28.795
15.131
29.285
2.037
21.038
23.357
12.177
12.284
4.784
27.177
8.883
17.189
11.98
17.233
1.03
30.988
7.868
24.79
31.928
20.341
15.679
30.283
26.269
6.966
9.452
10.428
13.349
8.273
30.662
2.03
5.26
30.048
17.68
11.497
10.32
13.878
0.355
8.628
23.016
18.883
17.661
30.304
11.955
16.184
17.5
10.055
9.263
1.644
14.092
14.486
28.011
1.918
8.381
11.017
9.407
23.997
12.44
11.766
17.85
14.788
10.963
12.941
0.86
12.009
4.227
17.502
20.101
28.633
31.154
19.228
8.366
15.996
21.938
6.56
24.279
4.895
1.456
28.208
26.816
16.081
1.42
18.434
10.332
3.341
5.865
13.82
13.699
10.394
8.832
0.702
25.063
18.352
17.337
25.058
16.713
25.436
12.924
0.642
0.493
32.293
32.58
11.003
10.571
15.856
21.878
16.881
2.311
23.841
14.322
26.772
0.035
14.083
27.623
2.593
23.668
29.546
1.515
1.195
28.754
5.527
19.787
20.251
12.436
29.275
27.039
16.502
28.348
20.864
3.746
23.646
0.878
15.972
6.721
18.652
32.039
19.431
22.77
20.828
10.027
20.359
25.671
6.905
31.935
22.474
20.419
28.155
23.705
25.053
6.124
14.494
4.245
4.73
1.953
12.054
32.169
30.222
1.966
11.471
4.123
3.1
3.23
15.097
14.321
8.668
5.841
24.644
2.474
16.425
30.926
7.656
22.315
12.442
22.489
15.849
21.756
24.046
6.857
22.169
8.116
5.037
15.124
10.078
13.746
24.844
11.308
12.981
14.606
8.977
19.726
14.711
3.535
31.225
6.167
31.58
10.335
11.735
1.306
24.765
8.252
18.045
20.913
29.086
23.279
23.199
9.168
15.851
25.41
23.094
15.008
6.914
16.558
22.563
8.586
23.154
25.363
5.909
6.545
24.066
30.38
23.98
11.494
11.51
13.377
21.983
8.374
28.301
0.414
31.643
14.663
28.11
30.277
24.236
1.091
2.692
6.24
15.329
7.508
15.24
26.105
12.651
8.432
1.598
32.365
4.743
16.759
3.938
0.03
7.773
12.923
10.501
28.265
7.719
24.158
0.466
13.272
11.925
6.691
22.934
5.272
14.448
19.326
24.32
9.517
23.679
13.613
6.821
6.5
22.183
23.947
2.886
32.649
7.253
17.251
22.358
15.323
14.881
21.762
14.263
22.589
13.483
23.952
32.709
31.79
28.873
23.712
26.261
8.443
26.341
31.749
30.078
22.067
9.632
6.119
16.345
10.844
26.555
3.351
18.438
3.044
16.696
16.8
13.744
13.915
10.172
7.071
16.721
32.735
23.096
23.124
30.968
6.871
27.592
1.4
16.97
8.164
30.172
26.321
15.814
29.716
13.717
16.901
28.494
24.409
6.258
16.044
20.451
26.426
31.787
14.504
11.441
16.841
9.693
27.321
30.539
29.909
13.416
10.06
27.447
30.048
4.629
5.012
11.437
23.379
10.621
6.364
17.564
32.113
24.998
0.028
7.662
2.442
9.582
27.594
26.637
27.889
31.277
9.202
0.678
8.496
27.03
26.761
22.189
12.537
17.118
15.871
16.545
2.4
30.497
26.643
28.689
27.464
5.377
1.771
24.671
4.379
10.128
2.66
20.164
23.743
31.856
28.583
20.884
8.645
5.432
31.997
29.891
24.547
18.458
28.644
32.681
0.42
21.443
20.834
18.434
29.534
27.267
25.753
13.881
9.829
30.894
25.5
24.294
21.63
10.818
32.385
21.909
6.038
29.641
20.663
7.369
10.676
8.833
16.538
22.336
24.877
14.267
32.069
7.801
15.639
4.993
3.751
8.82
5.631
12.923
11.226
30.393
18.143
0.788
19.375
12.443
25.162
5.592
9.102
15.038
18.41
11.552
2.173
0.471
11.82
28.658
26.238
24.243
29.754
17.443
16.926
24.955
20.522
5.054
30.795
25.142
11.636
0.426
12.39
31.375
20.394
20.87
13.465
19.672
3.427
1.752
9.323
15.44
14.201
32.615
13.713
31.393
0.116
3.301
30.471
3.757
30.789
20.945
19.04
14.474
28.728
26.012
1.883
22.219
23.332
1.035
32.182
12.546
32.228
19.42
18.759
19.331
1.035
20.652
11.336
10.346
19.668
1.048
25.587
6.623
1.112
14.883
11.087
2.456
23.812
19.671
24.649
22.944
32.073
9.008
32.518
16.983
30.101
7.989
26.488
20.923
21.123
14.184
8.495
28.645
8.015
16.224
4.466
3.286
27.788
9.141
22.415
23.412
12.057
7.452
17.263
15.824
2.897
7.891
6.765
18.09
24.706
1.088
7.784
29.751
10.4
16.853
2.839
2.082
0.059
7.478
32.157
8.4
27.311
12.446
31.326
30.696
9.883
15.743
1.296
27.155
9.876
4.712
32.533
11.264
0.538
2.092
16.392
20.652
29.386
23.105
7.318
1.248
12.758
24.166
20.367
9.211
18.867
24.456
31.036
2.545
12.305
8.167
10.484
18.068
15.376
18.037
9.45
5.65
19.633
15.23
25.673
17.087
13.194
14.478
28.547
21.525
14.271
3.984
6.885
12.025
17.709
27.955
20.336
2.88
7.144
6.802
21.988
25.202
5.096
0.531
22.557
15.31
18.687
31.631
3.234
31.118
17.166
9.14
16.508
2.924
28.281
17.064
13.124
10.852
30.936
1.519
31.104
0.444
26.096
4.495
22.832
26.946
28.897
11.378
21.667
5.333
3.488
3.083
22.415
23.846
7.848
0.829
14.945
1.472
13.037
6.264
4.05
9.286
24.594
18.213
28.859
3.324
3.291
28.74
14.89
26.761
16.357
15.955
29.109
22.268
18.069
0.114
17.422
17.42
18.51
16.582
20.952
20.644
6.631
6.683
16.057
30.111
25.948
4.301
14.001
17.36
31.171
29.416
23.978
25.925
22.402
0.91
23.888
17.356
19.648
30.105
1.314
30.903
13.849
31.106
12.489
27.101
14.23
25.218
26.793
14.305
0.476
9.974
28.855
25.015
30.627
16.392
14.73
16.739
18.282
11.404
26.548
17.924
19.817
6.952
25.938
3.858
20.936
32.696
12.77
19.684
30.478
6.128
25.685
2.677
27.868
9.027
4.965
17.511
15.067
20.996
6.185
29
14.323
12.236
24.295
24.341
0.446
3.355
14.889
2.556
2.108
11.33
27.667
20.582
0.456
13.696
23.027
10.293
23.37
13.931
7.706
14.666
30.895
12.433
27.627
0.331
22.934
31.584
31.281
25.763
30.284
32.067
26.55
20.682
26.875
0.014
19.985
21.446
14.11
9.372
30.399
19.698
20.28
14.774
26.229
6.91
3.782
31.287
12.981
27.447
25.714
30.318
21.92
3.592
25.225
11.46
29.707
29.889
21.935
5.535
18.9
15.512
13.266
9.862
12.406
27.374
30.556
4.229
29.66
16.083
15.021
15.827
26.995
15.307
10.184
21.17
32.131
20.946
4.172
13.719
10.943
18.079
16.807
25.227
4.123
17.446
27.014
3.537
6.365
12.384
7.823
22.985
27.383
12.878
24.915
9.236
3.988
2.108
10.622
11.769
2.545
4.931
21.329
9.223
20.59
15.377
0.339
18.684
23.525
5.357
17.987
18.406
16.698
23.797
11.088
29.064
2.355
18.602
26.253
26.879
14.986
13.231
21.919
0.934
19.009
8.142
4.28
24.63
26.166
9.532
10.698
31.026
19.959
14.366
27.636
13.954
11.735
26.443
12.097
16.989
12.354
30.804
5.265
9.581
14.669
1.218
15.831
28.206
0.145
31.902
22.149
26.52
32.058
12.855
0.069
8.957
22.619
21.279
30.698
22.836
22.917
29.303
1.702
26.359
0.407
2.156
4.989
26.762
18.391
2.818
26.873
14.493
11.586
1.041
0.8
22.132
6.689
18.572
31.139
30.533
14.813
13.577
23.128
18.146
18.708
4.99
2.026
7.063
2.54
3.657
28.88
8.534
21.16
21.62
12.923
16.401
27.257
21.302
31.956
16.744
10.39
10.429
18.917
31.108
2.446
13.354
15.83
30.531
11.997
26.334
17.18
32.661
31.934
15.092
14.061
22.566
19.009
29.454
14.839
9.533
22.429
1.877
31.057
24.292
32.455
25.531
0.946
8.521
21.06
23.428
32.481
23.652
7.739
30.212
20.844
9.946
32.718
30.89
5.277
14.369
1.706
21.053
25.258
19.941
5.341
19.302
21.804
0.171
28.905
8.303
18.386
19.381
15.894
26.698
13.143
19.493
20.236
27.861
13.489
31.589
1.696
22.62
5.26
26.821
15.087
23.647
25.334
13.926
20.137
13.718
31.58
23.896
29.872
12.595
1.205
31.999
20.962
5.991
16.893
14.779
28.978
7.975
18.149
28.359
15.87
20.272
25.801
14.178
30.877
28.745
25.57
4.909
22.839
29.896
23.741
10.709
21.721
31.063
17.899
29.169
14.536
17.144
2.555
16.174
4.118
24.135
14.757
31.657
1.908
17.407
11.848
4.252
17.223
9.92
12.439
16.957
23.55
19.984
30.606
0.739
29.858
8.863
5.036
0.363
8.11
20.431
6.748
30.426
1.57
7.795
9.652
30.531
1.235
27.863
31.841
18.924
13.317
26.626
30.178
3.244
3.387
27.191
28.405
9.879
9.038
8.898
25.167
19.934
8.381
27.377
31.12
9.456
0.068
27.744
10.87
13.029
13.232
31.865
13.393
15.133
11.505
20.796
4.535
14.372
32.113
29.5
12.92
32.217
32.676
4.33
4.564
18.128
16.097
5.91
31.98
12.532
4.464
12.979
7.543
28.017
6.372
8.155
7.35
10.193
7.338
27.155
29.354
26.724
29.411
0.463
13.7
30.182
27.503
19.257
32.093
31.324
29.002
2.606
12.327
28.479
22.044
20.361
18.916
5.34
31.755
19.365
29.974
30.971
20.948
10.781
1.91
20.671
21.786
23.254
14.056
10.701
3.838
27.712
6.831
14
16.111
23.256
19.677
14.973
10.179
31.218
16.398
22.45
13.063
22.965
7.51
18.02
24.212
20.071
15.992
13.722
10.339
31.979
6.233
23.54
27.811
4.231
10.676
31.632
27.144
32.235
16.91
23.853
24.677
30.575
13.549
1.681
32.125
30.365
19.781
12.329
3.095
32.495
5.427
15.856
6.48
32.217
17.901
16.273
1.077
27.658
29.69
15.312
11.153
5.104
19.358
19.238
11.78
8.57
29.081
17.835
28.757
24.353
23.569
2.106
24.073
17.449
14.284
5.327
6.197
14.372
11.682
4.659
1.68
12.217
7.218
28.38
32.46
1.699
6.613
11.022
30.247
15.1
21.2
3.655
28.989
28.092
6.094
19.418
9.76
19.581
12.429
23.258
1.194
18.561
18.135
1.337
6.418
16.117
32.18
29.233
31.934
30.327
2.27
12.259
18.776
5.591
22.645
0.063
16.932
30.746
11.508
27.939
10.129
0.453
10.084
26.567
26.894
23.384
10.703
30.552
10.526
13.592
7.16
15.075
18.351
30.737
26.697
17.013
26.28
2.14
17.677
0.897
7.361
31.902
7.647
27.777
19.095
28.369
12.642
23.52
17.92
19.015
14.131
32.28
20.379
15.083
8.732
22.296
1.708
8.651
21.131
31.464
20.263
13.011
19.778
14.735
24.075
8.155
19.023
16.949
24.561
29.925
12.351
0.389
28.133
2.463
20.367
16.213
17.524
11.312
29.283
16.265
28.934
26.928
5.242
27.188
26.991
5.368
22.37
16.129
16.832
31.261
1.768
6.098
29.795
20.791
16.851
32.422
28.775
26.087
6.866
6.848
25.112
3.352
17.842
30.982
27.091
20.612
9.428
13.223
13.592
29.562
19.167
15.616
11.745
13.535
17.586
20.929
13.362
29.3
16.285
22.091
5.618
4.438
24.528
9.053
14.585
20.427
23.315
1.52
11.114
25.659
11.192
30.303
3.651
3.453
28.622
19.147
3.634
30.805
18.584
26.814
24.235
7.738
20.03
14.862
27.447
0.348
27.585
26.885
13.071
27.109
14.132
10.174
0.745
2.175
6.698
1.746
0.274
8.727
24.171
7.989
16.317
10.465
29.419
4.954
18.843
26.269
31.996
11.166
23.723
7.192
2.498
4.579
18.26
14.837
29.671
28.795
7.089
5.805
20.881
30.793
11.564
17.877
32.401
4.642
3.15
29.856
5.854
16.249
29.909
28.58
30.017
28.22
25.095
13.793
2.641
17.401
15.687
15.615
8.098
9.285
23.27
19.159
23.354
30.302
14.651
2.101
5.956
28.175
13.814
12.508
25.097
23.508
11.697
1.227
14.875
18.495
14.792
24.255
23.251
24.218
0.107
5.113
11.518
27.342
19.185
0.321
12.244
28.292
22.127
26.923
28.202
4.489
4.746
1.945
21.48
29.047
17.033
32.385
30.652
5.266
13.487
32.753
11.536
1.008
0.967
22.864
29.242
20.701
5.888
17.382
3.827
2.429
21.499
7.839
30.475
24.755
14.115
29.963
17.755
3.394
17.981
30.634
25.338
9.266
4.415
18.791
11.956
29.302
13.67
18.018
14.519
6.603
5.763
10.226
26.256
29.923
17.046
10.731
4.95
1.731
13.213
5.404
0.037
31.082
25.518
21.276
10.446
28.595
26.436
28.487
20.685
11.9
0.471
10.499
23.676
24.84
26.799
31.56
19.078
31.906
10.233
15.711
24.989
1.923
24.091
16.617
26.224
18.166
16.709
4.388
28.119
6.33
9.032
14.186
8.017
31.656
26.54
10.49
31.665
2.965
8.188
16.891
31.764
29.818
16.997
29.118
7.446
8.403
11.904
31.812
10.822
10.052
29.803
29.952
24.023
15.234
4.638
22.237
10.392
9.841
6.908
23.939
13.862
2.442
32.169
0.982
0.351
29.056
23.58
19.392
3.355
31.779
10.741
13.105
5.399
5.508
1.296
31.332
19.25
4.186
31.834
8.035
29.916
7.588
14.563
13.005
31.947
26.512
15.669
27.095
19.695
21.404
12.005
4.497
1.193
12.283
24.167
18.283
24.376
20.538
0.294
6.903
24.18
23.843
20.948
31.984
3.518
23.522
2.815
8.06
28.983
12.39
28.646
11.182
30
7.946
22.41
28.751
29.154
4.469
28.168
28.126
5.983
8.894
8.229
25.557
21.961
14.036
25.899
17.198
5.57
8.478
23.284
10.79
21.795
7.774
26.692
19.777
31.729
9.691
22.876
29.07
32.141
21.951
10.955
23.596
6.698
32.446
30.344
23.309
21.636
4.856
14.142
19.194
28.624
31.777
21.991
16.087
2.542
7.391
13.724
11.305
9.702
0.371
12.715
16.597
14.994
0.924
16.875
17.962
6.552
26.04
14.668
13.602
17.052
10.541
21.17
24.549
30.387
9.223
0.004
21.647
8.218
6.627
12.159
23.859
25.128
23.563
31.569
16.672
25.985
13.538
30.563
11.107
13.453
8.835
4.47
23.181
15.4
9.381
14.193
32.182
17.563
8.642
14.329
25.281
30.411
10.104
4.419
23.01
16.817
2.607
