4996
22.914
18.428
29.471
19.749
23.249
24.979
16.68
32.074
21.75
20.589
25.337
19.179
28.324
31.261
21.557
17.823
21.974
28.636
16.479
27.659
32.074
19.467
19.053
21.585
20.902
24.34
28.222
25.233
30.072
31.421
29.627
32.526
21.273
27.605
25.953
19.809
24.363
29.477
28.149
29.252
20.247
29.23
21.25
25.141
17.253
22.961
18.36
17.625
27.189
27.409
30.763
17.93
30.873
22.865
31.554
26.318
25.303
24.438
25.351
17.991
30.236
19.334
22.434
30.331
28.697
26.228
30.206
24.446
19.154
26.823
32.284
21.836
19.62
26.775
25.783
19.355
27.645
23.51
32.036
24.289
23.583
31.707
22.167
30.999
28.556
17.471
30.948
28.728
21.877
19.546
22.127
23.497
24.302
25.34
17.607
28.313
24.934
16.933
32.726
18.294
22.969
30.54
21.377
24.044
18.903
24.985
29.947
22.248
30.774
25.505
21.587
17.137
16.442
29.465
31.532
17.543
29.815
18.982
17.291
23.696
20.021
17.201
32.144
20.769
30.977
22.76
22.399
23.524
25.721
20.873
18.318
18.473
21.83
19.591
28.654
21.992
17.083
28.143
31.459
30.599
17.589
20.316
26.671
24.351
27.725
28.93
22.012
19.817
18.164
29.74
32.509
26.904
24.705
16.812
23.325
25.109
25.524
21.953
27.615
17.929
24.451
22.233
19.969
28.002
23.94
23.305
23.388
20.561
21.884
16.396
17.114
17.1
18.216
18.119
28.459
28.043
31.117
25.068
26.531
17.765
23.93
20.192
18.286
21.662
21.106
16.688
21.444
21.398
17.203
31.667
19.658
28.879
17.307
31.755
17.941
23.872
32.166
16.754
17.157
25.499
18.125
24.425
20.762
24.396
17.57
27.617
32.003
31.214
23.453
19.253
30.005
21.456
20.896
28.652
27.247
25.598
29.215
24
27.862
24.697
29.421
21.631
20.748
23.995
17.363
19.72
30.072
20.724
23.642
22.957
21.286
30.363
31.017
28.69
30.695
29.368
30.768
29.068
17.222
22.279
29.724
24.433
18.484
19.603
27.982
20.731
20.332
26.905
30.2
20.932
29.107
19.07
18.445
27.936
24.907
18.497
30.856
29.804
24.95
30.581
26.371
27.211
18.037
20.58
32.387
19.154
29.327
25.417
28.541
25.712
26.379
22.259
28.022
30.217
22.008
28.094
23.611
22.813
23.029
21.445
21.905
19.144
30.659
17.965
27.152
25.457
20.702
20.674
18.488
25.124
20.647
22.713
27.747
31.151
21.793
25.661
23.743
27.487
17.369
23.26
30.431
31.587
23.282
18.79
21.474
18.009
25.51
18.487
26.618
24.124
31.092
27.483
22.93
26.903
17.004
20.458
18.574
24.182
32.628
27.122
29.77
23.159
21.023
26.431
19.052
31.659
20.556
28.482
31.232
24.954
28.253
21.826
19.006
20.676
20.992
30.696
32.225
25.813
31.152
24.717
23.831
23.557
24.317
16.779
32.69
27.224
23.858
21.5
26.313
22.871
22.393
17.506
25.237
32.485
26.832
29.665
23.281
23.134
21.627
22.769
21.723
24.624
23.741
27.181
27.313
28.037
27.592
28.446
21.292
25.469
30.586
31.554
25.958
27.418
18.539
28.987
30.128
16.754
16.526
28.14
32.416
32.554
29.535
22.508
19.797
32.092
20.117
20.279
17.216
25.739
17.734
25.057
21.624
29.267
26.717
17.304
25.504
25.908
27.75
22.514
18.495
17.333
22.231
25.899
19.188
28.541
22.405
19.612
18.998
31.479
28.414
32.514
25.878
30.814
22.372
18.635
17.296
30.139
31.101
19.736
20.595
25.263
28.877
19.054
31.309
29.797
31.475
32.292
19.175
25.927
17.916
31.151
20.235
26.57
21.64
31.791
16.39
24.215
25.54
21.994
21.055
31.622
18.227
27.615
25.669
32.002
19.827
27.351
27.463
29.16
21.46
29.946
24.655
16.807
16.531
16.97
24.735
20.67
24.46
22.284
21.462
24.679
27.35
31.139
23.666
31.796
18.75
17.446
23.037
24.261
30.515
23.094
26.942
25.964
21.109
27.062
19.72
22.659
17.324
29.887
27.243
23.614
24.234
24.071
26.301
27
28.767
17.573
27.286
29.129
20.529
26.998
26.189
23.193
22.847
27.357
27.841
25.741
24.492
30.201
20.099
30.707
24.102
29.67
27.017
29.442
19.647
18.258
16.693
21.816
17.987
28.815
19.287
30.759
20.213
18.564
21.621
25.459
24.741
24.769
20.742
26.457
19.111
23.31
27.491
28.872
18.234
27.1
22.089
21.994
16.739
23.077
19.699
26.42
26.083
20.789
29.128
20.147
31.644
24.741
28.975
18.106
26.47
24.216
25.175
20.633
19.231
25.304
16.442
19.232
20.285
27.304
26.103
24.209
16.457
19.71
19.522
20.861
17.411
30.894
24.405
30.313
26.918
26.368
22.807
22.907
28.067
27.447
24.72
16.857
17.65
22.897
18.205
19.204
21.565
18.102
16.43
16.767
26.643
28.299
26.631
22.889
27.046
18.079
28.474
27.163
32.142
20.574
24.55
21.382
18.481
24.833
21.776
25.246
28.854
29.464
29.316
20.014
20.054
29.884
25.563
29.509
26.446
17.701
25.562
17.103
27.983
23.64
21.52
30.025
28.525
21.918
20.959
21.574
21.934
18.461
28.815
30.72
16.852
22.502
30.189
30.612
28.616
18.778
22.53
30.871
30.25
23.627
32.374
27.264
28.39
18.629
18.883
18.242
23.874
23.226
24.185
24.318
32.572
19.418
18.72
21.653
26.714
31.718
30.265
30.917
23.507
25.908
20.452
31.582
30.919
22.054
27.743
29.139
25.035
18.133
17.668
29.428
23.401
28.163
19.799
28.255
31.967
27.109
31.323
23.659
17.743
20.296
25.708
18.787
31.569
17.264
27.967
18.768
24.723
22.108
32.322
27.33
30.689
27.024
26.36
28.165
18.932
20.7
26.141
19.394
29.451
18.643
27.22
22.768
27.498
30.77
25.499
25.681
28.881
22.808
16.887
25.823
23.341
22.815
26.69
20.806
26.954
27.239
31.104
23.896
21.719
16.885
18.921
29.491
31.131
29.488
23.96
25.992
17.177
29.582
21.323
29.386
25.692
28.915
24.3
21.977
25.847
29.909
26.465
28.253
23.159
19.756
28.732
27.814
18.826
21.791
27.579
22.303
26.346
20.544
26.316
20.269
17.927
20.349
27.721
28.504
21.878
23.018
30.423
19.637
25.227
20.372
24.14
19.547
16.999
22.064
28.884
25.405
31.804
23.41
17.582
21.485
20.686
25.4
16.378
32.624
20.223
18.856
22.979
20.774
31.788
27.284
21.033
18.69
27.998
28.808
23.975
17.13
26.979
27.133
22.096
21.25
29.141
18.036
19.616
32.237
25.294
17.98
25.525
20.721
27.581
21.757
17.517
32.691
26.027
21.489
19.457
29.54
21.791
22.525
24.166
19.295
30.723
17.63
24.78
18.806
24.549
29.813
26.269
29.678
22.747
18.995
26.92
25.708
21.728
27.357
23.354
25.738
18.869
21.837
17.017
20.923
26.9
26.857
27.829
18.329
28.421
21.071
22.371
17.088
24.915
28.642
26.957
17.452
21.956
23.504
32.501
31.376
19.776
27.901
31.912
30.436
28.583
30.046
31.802
29.565
18.713
20.977
25.706
22.801
19.89
21.574
17.166
21.66
30.452
30.93
17.019
30.834
20.249
16.678
22.268
23.772
29.738
24.004
20.184
31.908
24.408
29.739
18.905
25.663
29.194
18.957
32.146
26.054
17.552
17.143
31.786
24.499
18.557
26.248
26.415
31.457
22.746
24.483
21.68
16.394
19.508
30.73
25.876
32.243
19.737
23.846
19.93
28.383
20.788
29.166
21.185
17.999
17.402
19.849
18.302
21.283
27.844
20.196
20.788
21.798
26.327
22.618
25.522
17.619
31.905
18.168
17.279
23.183
16.604
20.141
22.461
19.437
30.431
30.311
28.971
25.976
21.72
26.662
27.879
18.816
22.121
29.963
17.623
22.941
26.514
31.001
17.535
32.033
18.53
27.132
17.02
24.874
24.754
23.167
24.319
28.988
28.106
23.426
29.548
25.457
17.155
24.69
29.284
30.847
19.542
26.678
31.004
28.34
24.598
32.366
22.761
29.128
18.166
18.172
27.5
26.371
30.265
19.608
24.483
27.554
26.911
19.478
31.422
24.279
30.48
23.948
17.146
32.463
17.124
18.765
21.064
31.888
23.677
21.783
17.435
18.124
17.242
25.363
18.17
30.645
24.436
19.36
28.237
20.439
17.949
29.883
30.664
17.485
23.408
26.465
19.25
28.458
27.278
22.52
30.748
16.773
17.739
28.965
29.342
19.581
29.347
16.794
21.183
19.921
29.884
32.721
20.637
31.992
28.735
22.952
29.598
25.782
23.447
26.184
17.831
31.763
23.837
20.121
25.367
17.523
23.146
22.288
30.63
21.498
31.388
27.033
26.777
31.969
25.132
21.59
31.795
29.345
18.507
24.946
24.574
19.526
27.002
18.994
19.763
22.933
18.254
27.735
19.58
17.278
18.58
26.936
20.422
30.487
18.049
19.868
29.931
21.439
20.295
19.543
17.819
26.247
25.244
19.719
31.349
21.001
31.203
19.457
19.528
17.109
20.583
31.411
20.152
23.247
27.4
27.068
32.612
23.869
19.801
20.259
20.676
20.052
18.427
22.255
32.14
31.164
18.253
19.891
27.934
30.114
23.906
18.746
17.091
23.848
23.596
30.657
22.402
28.697
28.356
27.795
29.062
20.126
19.86
23.116
17.026
22.478
17.719
28.927
24.008
24.795
18.055
31.134
22.727
17.265
22.189
23.12
29.951
21.599
19.094
16.951
27.745
29.172
23.608
30.052
19.058
31.444
20.825
27.882
31.99
22.329
28.987
16.92
21.29
17.712
18.758
31.522
32.527
22.928
24.404
17.208
21.782
17.176
19.888
24.035
23.252
21.108
24.742
20.595
30.162
21.585
22.048
27.127
27.964
25.516
16.995
17.116
19.288
32.095
28.031
17.301
20.466
18.343
22.952
17.251
26.04
30.988
25.699
21.624
21.337
30.982
21.631
20.373
18.627
31.555
23.022
24.025
32.403
19.586
20.96
16.47
17.414
20.833
28.962
31.78
28.333
25.067
28.01
23.636
17.746
18.295
20.008
21.673
25.796
24.322
27.014
32.697
24.299
28.353
26.492
24.52
28.316
20.007
19.653
27.035
29.65
26.518
25.381
24.467
20.409
21.512
17.789
18.567
32.518
17.364
16.392
32.566
32.272
21.389
21.573
32.604
17.448
31.718
28.934
21.496
21.903
18.896
19.126
16.74
25.361
25.172
29.383
32.593
19.873
19.223
25.17
22.012
22.109
27.855
32.17
18.531
21.583
19.359
27.356
27.766
24.636
25.357
24.1
20.909
20.466
28.12
17.681
19.913
19.45
17.218
29.725
27.003
16.687
18.623
28.628
26.466
28.029
26.967
17.762
31.426
29.287
23.679
25.233
31.439
30.781
17.778
22.506
26.92
21.394
32.069
27.787
17.859
32.435
24.442
17.392
19.684
23.863
31.577
29.554
16.407
30.22
30.079
18.28
25.788
20.924
29.859
17.082
16.543
30.911
31.347
19.375
22.243
29.372
30.785
26.677
26.641
31.282
21.305
22.097
30.713
32.419
32.16
22.713
19.836
19.004
17.92
28.635
21.948
26.937
22.104
28.008
25.745
26.924
30.135
16.623
26.5
30.663
19.582
19.955
25.326
16.56
25.227
28.968
26.747
31.215
17.728
25.387
31.333
16.794
31.171
19.1
17.41
19.503
28.154
21.329
26.333
24.404
21.31
31.297
17.48
30.999
25.962
22.683
22.941
31.987
19.247
30.027
27.816
26.651
22.245
29.76
19.144
30.553
17.236
26.084
22.068
28.65
22.918
16.904
32.733
30.717
18.129
28.195
31.727
22.432
25.373
25.639
17.946
24.471
30.504
22.535
31.161
24.092
21.234
24.328
24.486
21.502
24.854
27.359
21.186
26.887
26.292
27.571
25.562
32.711
17.34
17.05
28.667
24.123
17.979
26.151
19.737
27.064
19.625
28.77
27.851
29.724
29.294
26.433
28.845
18.162
27.489
17.859
17.453
19.779
22.333
19.571
24.644
27.937
28.405
22.196
23.159
16.907
24.861
20.875
26.057
24.856
25.711
24.519
31.011
16.534
19.254
23.562
19.616
17.758
27.665
29.142
26.699
30.782
28.174
22.447
28.403
22.652
18.138
27.921
29.639
23.328
31.574
32.225
23.272
24.695
21.58
25.009
29.114
31.695
29.39
29.618
22.457
19.433
32.666
30.966
30.583
22.475
20.373
26.559
25.384
26.232
24.238
20.037
23.025
26.254
27.15
18.515
19.502
21.256
22.9
26.47
19.192
30.788
27.13
21.385
31.287
31.133
20.394
22.509
17.361
17.057
27.571
17.271
18.006
18.544
18.173
19.811
28.069
23.645
23.936
20.77
24.037
29.873
28.055
21.894
31.064
28.278
25.58
18.969
20.156
22.928
19.356
23.314
18.196
21.766
20.283
23.357
28.537
26.705
18.018
28.764
18.644
23.579
22.267
25.131
18.382
22.784
24.685
27.772
26.272
27.843
18.676
25.821
23.152
16.516
29.836
27.434
28.598
27.603
25.909
18.878
17.094
22.96
27.934
20.419
21.48
22.54
31.528
21.913
18.443
30.761
28.472
31.784
28.22
27.106
31.946
29.741
17.656
24.311
19.785
19.27
32.543
31.896
17.539
29.041
19.338
24.46
22.901
31.019
16.434
22.879
18.547
24.008
16.938
25.957
17.079
26.991
30.318
21.61
21.048
23.928
17.766
18.735
20.874
30.09
22.465
31.927
23.187
18.353
23.339
18.936
28.942
28.464
16.383
24.139
26.464
18.638
26.007
25.126
19.83
29.302
29.273
18.882
31.259
17.534
18.474
30.321
30.479
30.693
32.058
28.593
24.733
21.077
28.301
26.113
18.577
28.234
23.63
24.165
30.373
22.623
17.924
23.707
28.784
24.033
17.594
23.607
16.915
23.812
22.368
17.029
22.134
24.823
23.337
23.884
30.242
22.886
25.548
30.938
29.832
30.08
28.621
22.554
21.825
17.957
26.203
26.95
16.722
20.489
21.758
22.302
23.768
20.798
17.656
25.602
22.547
31.436
19.304
20.054
24.478
16.429
23.695
27.896
26.855
19.114
26.984
27.719
17.772
26.063
30.668
16.473
27.89
29.885
30.959
16.721
27.806
22.074
25.733
31.167
30.911
30.864
19.951
19.27
25.464
24.266
25.358
28.105
22.647
17.279
24.096
21.563
16.9
23.115
27.394
26.959
27.925
25.794
17.753
21.61
21.892
32.701
17.955
27.223
30.657
28.002
24.955
26.165
24.341
18.256
23.194
30.939
20.121
20.306
26.096
19.389
25.385
21.532
30.486
18.033
18.034
32.341
22.885
24.343
22.377
24.038
25.161
24.929
19.303
21.201
30.672
32.317
22.315
25.198
28.965
18.985
27.683
23.524
29.928
17.72
16.649
26.084
21.207
22.943
21.749
26.545
19.477
30.766
21.939
20.846
32.474
31.404
16.724
28.321
21.429
27.044
17.906
30.819
26.098
24.966
30.053
19.509
18.621
32.764
17.022
26.451
22.567
25.573
29.031
28.661
23.283
32.538
24.442
19.689
24.211
25.244
28.912
27.71
30.501
21.455
20.04
22.051
28.876
24.714
18.092
19.49
24.885
20.479
21.825
30.236
21.834
22.333
31.69
17.681
30.103
29.415
30.977
29.316
20.07
19.881
18.767
27.526
27.921
23.985
18.479
26.858
30.598
19.922
19.915
20.976
29.159
26.417
24.138
27.829
22.762
22.632
22.062
31.395
27.047
32.613
17.997
22.878
22.94
24.847
29.412
18.579
21.29
16.88
31.329
29.237
21.911
29.65
20.969
31.26
21.26
30.29
23.088
32.182
31.278
19.587
19.472
24.862
22.438
29.44
21.615
27.266
28.278
27.188
30.88
19.155
22.661
27.778
23.425
28.281
32.493
18.74
17.274
19.711
18.325
21.304
28.086
17.597
19.047
23.938
23.588
26.813
28.638
18.753
16.631
21.958
28.138
16.455
16.446
17.63
19.668
27.488
17.869
26.263
29.473
21.87
30.435
19.077
27.471
26.229
27.237
19.794
32.722
26.178
31.467
27.457
18.398
27.815
18.024
31.185
19.156
31.07
30.593
19.229
30.124
25.916
32.171
23.584
28.775
29.885
18.608
29.852
25.163
21.827
27.195
19.201
28.122
22.766
17.712
27.578
24.586
31.743
23.722
25.368
26.085
21.201
19.016
20.74
27.775
32.602
23.655
31.252
24.229
16.895
18.651
30.851
21.104
23.402
18.415
18.681
26.789
25.361
21.333
20.669
27.593
22.717
23.174
16.51
19.669
27.771
31.47
17.207
29.314
20.958
29.369
28.96
22.921
25.944
16.701
23.236
28.244
24.866
18.777
19.003
17.058
21.483
27.407
16.859
28.262
26.528
25.638
31.321
23.392
30.521
32.113
28.242
19.543
31.215
26.324
27.215
31.123
23.214
27.934
28.025
31.38
18.732
23.132
21.459
28.298
17.164
20.828
25.064
27.21
29.087
16.731
25.357
28.979
24.261
18.073
31.665
23.584
23.814
22.311
20.334
27.576
23.084
26.788
18.84
31.787
30.508
29.733
29.236
28.704
30.514
22.19
22.178
27.453
29.461
25.34
31.677
32.377
22.867
17.768
27.068
28.965
16.871
29.725
24.739
22.047
29.143
21.16
30.404
20.605
26.361
24.784
27.279
31.023
28.84
27.49
18.791
23.839
27.209
18.257
28.484
18.827
20.166
21.92
21.582
26.42
22.877
27.41
25.673
25.683
27.944
23.69
26.482
26.963
21.533
32.335
31.42
23.291
27.533
19.07
22.195
21.742
20.851
24.724
29.906
17.45
32.541
17.421
31.621
16.619
23.219
26.546
28.745
31.321
23.661
24.467
19.832
29.231
28.354
18.324
32.055
27.262
20.631
32.077
18.631
22.58
26.247
20.719
24.449
17.343
26.839
31.541
28.078
29.462
31.754
21.85
28.119
29.768
31.15
17.917
23.545
25.24
28.656
22.543
30.889
23.139
16.936
31.615
27.852
29.285
17.442
22.961
17.123
23.599
16.6
28.519
30.096
28.04
27.486
19.381
21.825
25.072
21.498
24.06
26.474
29.675
31.037
18.442
18.906
27.546
20.148
25.932
26.173
19.279
19.849
20.635
30.165
26.566
26.975
18.377
23.375
23.431
25.397
21.214
29.698
17.137
30.926
24.134
19.788
17.673
23.568
16.395
23.223
27.724
20.646
30.381
25.97
21.409
29.039
27.215
17.825
18.057
20.47
20.778
19.906
20.327
18.566
24.344
18.562
27.747
19.233
28.107
31.648
31.678
17.718
24.707
26.606
17.517
18.735
26.134
27.289
30.106
17.129
25.496
21.41
30.59
30.837
32.554
26.501
32.318
31.095
29.77
19.09
17.736
22.083
31.433
22.879
18.442
17.134
18.979
22.714
24.548
29.531
21.797
23.848
24.145
18.641
31.546
25.783
21.547
28.72
28.993
25.461
22.243
28.651
27.916
18.046
28.493
23.601
19.06
26.419
24.46
19.919
21.076
22.964
27.017
19.578
31.888
17.666
29.359
29.592
30.272
25.468
18.691
23.806
21.814
20.266
26.514
20.594
20.688
19.373
30.02
23.586
31.884
21.265
23.387
24.563
28.09
21.243
18.987
24.049
18.096
19.152
19.086
22.004
19.38
17.935
26.027
21.554
19.401
17.308
19.445
17.803
20.499
32.015
22.994
22.135
29.468
17.054
19.888
32.075
17.67
31.249
23.851
30.817
27.63
19.153
30.61
21.342
23.346
19.004
19.171
23.956
18.418
16.863
22.691
28.186
26.845
16.816
24.059
16.661
17.801
28.115
22.32
26.515
19.408
19.058
26.315
28.147
31.803
28.219
21.345
32.111
32.422
21.095
32.709
23.542
31.225
27.355
19.622
17.747
24.717
17.84
27.495
27.834
17.752
17.42
20.331
18.127
17.625
17.561
17.688
24.102
19.327
17.681
28.377
24.431
29.448
24.334
29.774
22.908
30.253
30.501
26.233
20.787
23.696
29.868
22.212
20.63
28.592
30.538
29.123
22.21
26.824
19.064
30.169
23.98
28.346
18.596
29.893
19.679
23.957
32.125
24.906
28.874
27.267
28.013
27.823
19.975
20.323
28.636
26.359
23.549
22.692
27.468
25.192
31.66
16.988
23.557
24.402
22.591
18.924
28.861
30.674
20.457
32.536
26.544
21.782
28.944
22.355
22.203
21.692
25.898
16.961
20.734
24.806
19.479
21.962
22.144
18.446
22.355
21.783
17.06
30.643
19.519
20.706
25.558
25.132
27.889
18.472
22.751
18.365
16.824
21.709
16.98
19.966
17.184
20.668
29.899
31.536
17.06
21.467
28.593
22.96
20.16
23.815
17.37
26.006
19.695
16.399
26.204
25.078
23.218
18.14
32.142
27.144
24.253
18.931
16.396
31.316
32.224
30.813
17.579
32.257
25.066
26.849
25.969
17.801
32.75
23.96
20.301
19.536
30.004
21.23
21.245
24.517
18.559
32.589
28.002
31.571
23.01
25.974
21.793
28.717
27.103
23.359
26.649
27.887
24.987
29.092
28.705
31.643
32.397
28.196
25.733
24.194
22.639
23.795
21.606
26.489
20.921
25.672
31.575
30.386
22.839
27.688
28.061
29.811
32.705
20.69
19.808
28.261
21.883
22.327
23.782
31.58
20.924
29.22
29.262
22.15
31.699
24.493
25.345
32.169
29.673
22.051
18.923
22.29
26.803
32.523
30.959
29.93
22.558
20.408
25.803
29.851
16.501
30.797
23.559
24.093
29.845
21.074
21.568
27.518
30.545
26.682
28.986
27.554
27.387
27.15
24.547
25.694
28.072
24.853
21.374
17.816
23.062
22.743
23.888
32.641
32.493
22.037
25.813
25.506
28.418
23.228
27.993
28.044
29.221
23.096
24.886
16.975
23.446
28.398
23.055
24.848
16.776
16.493
23.952
28.549
19.19
26.682
27.245
26.26
24.197
31.409
22.404
26.048
21.811
16.379
19.775
22.396
26.056
19.323
30.259
19.588
18.515
28.251
31.848
29.548
19.465
26.882
29.054
21.882
22.98
18.796
18.92
17.198
28.799
17.899
28.925
31.482
22.933
19.628
17.423
23.997
22.243
32.184
26.805
29.789
29.361
18.577
28.243
28.733
22.91
16.434
22.018
31.93
24.052
17.825
28.309
25.449
27.276
23.224
23.528
23.792
20.617
27.144
17.147
17.89
26.43
30.765
27.024
32.292
27.352
29.824
26.271
31.852
27.194
30.755
22.943
29.189
24.462
16.639
31.2
29.905
28.666
23.509
21.459
18.105
28.809
28.227
29.194
25.732
30.103
27.162
26.485
27.63
30.886
19.587
28.781
25.179
22.171
30.794
18.692
22.211
24.803
21.149
23.734
32.226
19.102
29.379
28.365
22.592
30.897
18.143
27.193
30.253
20.789
24.733
16.493
27.439
30.721
16.917
32.023
28.086
32.5
17.015
22.765
29.593
16.97
18.078
24.063
30.02
24.47
28.267
20.864
20.15
29.472
18.358
25.257
18.436
16.759
18.283
30.158
19.378
23.325
18.89
30.316
22.587
18.074
19.56
30.798
24.458
25.854
30.289
29.066
17.86
22.981
22.562
31.134
18.334
20.42
30.041
21.843
19.045
21.593
22.446
31.372
26.433
28.331
28.544
21.248
29.08
22.678
21.898
22.568
28.167
23.047
28.793
23.69
32.258
22.126
18.636
17.9
30.211
30.61
30.892
17.153
17.331
30.536
29.2
28.755
31.372
32.757
19.831
26.235
19.939
16.54
19.896
26.359
25.044
22.146
25.213
22.893
28.912
21.566
29.433
19.503
19.194
19.389
30.901
25.391
25.181
21.987
20.439
22.553
22.94
20.433
32.647
23.367
30.54
18.185
29.891
31.242
27.628
22.214
32.7
21.246
19.621
19.753
31.611
24.923
28.748
27.646
17.508
17.631
29.177
21.641
25.774
27.762
19.835
30.518
20.557
20.484
31.137
21.548
25.405
27.281
20.938
27.601
25.907
26.744
30.331
24.589
29.192
20.449
21.856
23.988
21.859
19.715
28.031
31.769
25.516
30.064
27.549
29.527
16.444
19.107
21.935
21.984
29.632
27.765
20.084
17.541
24.017
22.892
16.495
23.908
27.091
25.386
26.786
28.339
30.608
32.578
24.684
30.663
21.869
17.418
26.11
18.68
26.295
30.536
25.734
25.458
26.353
20.678
30.218
19.526
32.748
26.781
28.562
29.638
18.272
27.047
29.709
28.544
19.541
17.335
30.046
26.29
19.331
32.005
16.951
19.706
32.11
19.594
23.678
30.189
24.176
17.172
17.622
28.945
24.323
31.21
27.377
17.106
16.456
25.761
32.028
23.906
32.242
29.065
18.076
26.828
19.249
23.631
20.048
30.981
22.337
17.946
30.744
21.747
23.184
22.297
21.389
31.096
22.696
28.272
24.668
27.613
24.414
24.474
32.211
27.167
21.192
19.831
25.269
32.429
17.964
30.634
20.046
22.566
19.186
18.068
30.601
22.859
30.098
27.667
29.499
31.07
29.177
30.356
28.427
27.68
26.698
29.413
29.28
18.389
22.795
30.5
16.918
21.654
23.976
23.222
21.074
29.19
26.682
28.353
31.885
27.386
27.925
23.861
19.21
23.997
24.562
31.195
25.639
19.942
24.941
19.09
28.13
28.294
28.517
31.958
18.637
21.144
18.378
23.486
21.87
23.396
16.831
17.339
19.304
32.249
23.172
28.942
22.875
22.542
28.592
21.485
16.494
23.624
24.397
31.691
17.799
31.006
29.067
21.54
26.891
30.51
20.198
23.696
18.267
17.555
23.088
30.811
31.745
29.999
28.274
32.021
22.931
21.257
31.211
24.971
25.063
31.772
24.216
29
16.784
31.273
26.714
28.661
21.463
28.165
29.068
27.208
31.17
25.424
31.814
27.645
25.957
25.268
20.549
16.82
19.136
21.981
28.5
32.487
16.967
25.596
22.914
23.35
27.744
16.415
31.362
27.838
19.422
22.453
18.812
30.153
28.553
23.913
32.55
23.176
29.027
22.827
27.699
31.169
17.388
28.858
19.202
30.13
28.283
21.843
31.218
26.602
24.54
23.72
32.193
21.206
17.437
20.196
20.314
16.691
28.84
17.621
16.751
16.529
30.727
30.262
28.068
17.552
23.354
31.838
18.328
23.774
30.159
29.768
27.104
26.449
28.039
19.382
32.694
18.348
30.444
28.852
22.003
18.713
22.899
27.683
22.902
30.525
20.57
29.106
24.604
19.962
16.893
31.958
20.753
21.79
32.054
20.823
25.365
23.483
28.687
18.572
20.908
21.191
17.736
20.155
31.445
18.876
20.841
31.2
29.051
16.909
18.992
26.22
31.29
20.447
24.644
25.708
17.928
29.576
20.127
20.615
27.443
31.82
25.433
32.218
26.686
31.998
18.872
24.968
30.935
26.425
18.527
26.113
21.092
28.559
24.999
17.194
20.314
17.195
26.845
30.345
22.189
19.064
25.442
26.871
23.786
29.656
28.285
23.968
22.221
24.86
31.9
24.387
30.423
29.598
17.958
30.29
29.268
27.86
18.972
16.926
21.595
24.122
22.758
25.013
28.911
29.065
31.995
30.668
22.679
27.397
19.934
25.375
26.229
28.755
27.65
24.032
29.272
21.566
30.924
28.245
16.932
16.891
17.099
24.013
21.499
26.383
32.343
19.481
27.982
20.228
20.814
21.856
23.065
17.694
24.78
25.865
28.299
25.726
32.289
28.441
31.773
29.36
27.801
23.648
21.211
22.316
20.906
16.941
24.718
20.059
26.512
25.04
24.452
21.291
20.492
30.615
31.519
17.408
26.915
19.415
30.99
20.066
24.749
32.015
29.484
28.439
31.694
27.133
23.008
22.616
25.339
18.431
24.363
26.957
23.673
21.65
24.896
26.698
25.682
29.973
17.985
25.253
23.392
29.71
17.361
16.621
26.945
24.114
24.862
17.629
25.222
26.801
20.656
27.821
16.492
21.327
17.41
28.042
22.269
24.798
31.748
31.72
25.247
20.982
27.931
21.387
30.643
24.455
23.321
32.615
31.966
30.471
23.506
29.391
24.62
24.041
23.786
25.341
30.811
26.833
29.652
32.426
21.145
19.362
31.295
31.257
19.164
20.648
29.12
27.381
27.278
24.651
19.263
26.739
18.307
21.73
25.091
20.39
20.201
24.514
22.292
29.914
24.817
26.488
29.323
21.466
25.214
23.389
17.7
24.858
27.85
17.601
28.458
31.748
17.751
16.553
31.551
26.567
20.422
30.665
22.476
23.802
28.922
31.18
28.059
26.366
30.124
31.325
27.104
18.538
20.839
27.888
22.581
27.187
17.188
31.809
25.161
25.996
32.144
26.824
32.16
22.165
17.207
26.562
22.064
29.933
27.206
19.507
18.372
30.599
20.368
17.623
27.828
26.5
29.444
31.777
23.771
22.907
17.614
18.522
18.049
16.399
20.753
19.056
23.824
26.136
17.23
28.153
29.442
17.891
19.357
29.857
22.685
31.889
17.343
21.939
16.755
26.082
31.776
20.916
29.83
29.845
25.865
21.946
16.676
26.57
28.739
18.56
21.29
20.61
22.151
27.089
27.451
27.255
23.356
27.832
22.779
22.425
31.253
24.889
27.109
22.077
17.362
23.848
29.872
27.425
18.766
29.304
26.015
21.024
17.58
20.85
16.707
24.919
23.732
21.776
22.28
22.382
27.741
23.129
18.228
22.695
23.421
25.253
30.418
20.376
29.801
21.399
19.942
19.304
23.308
27.24
17.776
27.064
18.02
29.574
19.466
29.006
17.318
23.968
24.691
18.871
17.124
23.009
26.895
27.65
19.325
20.68
27.067
24.162
26.908
22.863
19.552
30.182
30.924
24.251
32.314
20.043
20.929
24.5
31.008
19.528
29.051
21.294
18.284
19.549
18.862
22.432
25.251
30.07
20.746
17.292
23.376
16.82
26.197
17.066
19.482
30.131
30.2
20.59
18.103
26.909
28.951
31.212
30.925
18.326
24.764
30.008
22.898
21.513
30.458
31.118
18.849
29.524
25.328
16.775
26.811
22.782
29.999
17.146
30.933
28.777
27.626
30.752
30.5
30.293
29.849
27.185
27.479
29.888
17.349
19.452
29.462
24.628
16.705
23.64
32.089
28.964
30.057
22.684
26.657
17.011
24.792
16.653
25.592
29.476
27.627
21.327
31.24
20.316
31.206
27.02
23.821
26.515
20.124
27.384
31.935
30.364
32.538
30.239
23.151
30.304
18.076
24.894
19.288
19.627
30.213
30.641
19.498
26.29
22.503
24.403
28.686
30.265
19.604
23.757
30.163
32.335
20.032
26.228
31.029
22.204
26.317
26.607
18.185
31.317
23.878
26.409
24.253
23.035
25.495
17.393
18.363
31.97
21.425
30.215
22.832
25.889
19.69
18.56
20.323
18.532
26.529
31.609
23.441
19.886
22.832
32.327
25.868
28.728
29.927
19.443
20.595
19.223
21.998
18.407
20.582
22.373
22.22
25.456
30.471
18.393
28.648
18.592
26.158
21.841
26.764
29.362
20.342
21.22
32.117
32.27
21.139
27.936
30.175
18.234
32.086
24.917
25.728
31.771
27.619
27.382
27.625
29.241
30.912
21.594
24.522
22.303
26.822
27.516
32.644
26.253
19.148
18.684
18.338
23.35
30.88
25.58
17.418
32.54
32.61
31.336
31.2
32.199
24.859
24.915
29.477
19.732
18.871
25.062
29.718
16.935
27.955
27.424
20.168
22.039
17.415
24.213
20.991
21.743
26.915
30.822
26.719
22.013
27.701
17.604
31.431
20.672
22.693
20.792
28.077
23.438
18.558
32.374
23.412
23.413
21.016
25.077
20.622
28.027
19.695
29.98
30.468
19.088
22.261
18.272
28.199
18.904
24.147
27.862
28.347
25.618
19.396
21.311
20.645
19.233
30.403
27.866
18.302
17.948
31.88
28.961
23.145
26.563
18.642
18.505
29.338
17.453
30.775
17.459
30.098
30.117
27.595
19.815
24.487
25.579
32.579
19.589
32.723
27.101
24.655
24.058
25.222
25.578
25.5
28.739
23.41
18.379
31.316
21.81
17.979
28.245
22.077
27.69
23.799
24.571
24.782
30.075
24.258
21.499
32.575
16.547
19.829
20.838
21.854
24.323
16.813
18.205
29.615
19.666
17.549
30.708
27.43
32.031
16.692
31.769
19.766
32.003
17.886
23.926
25.081
31.187
26.963
24.293
23.865
22.713
19.814
19.176
21.268
32.719
29.822
25.869
29.042
19.903
28.604
20.261
18.439
20.325
19.267
27.059
24.413
21.289
20.405
30.479
30.161
19.28
23.381
31.031
31.664
25.177
20.126
20.385
23.974
17.563
31.087
19.033
20.805
29.357
21.698
23.836
22.919
20.329
19.255
28.703
26.206
28.947
25.716
24.628
28.565
27.064
31.237
31.163
28.51
16.579
31.375
31.204
31.77
21.602
30.355
31.032
31.63
17.387
29.223
25.738
24.419
19.627
16.461
32.299
22.707
16.471
21.861
24.07
21.556
25.333
23.678
31.602
18.33
20.391
29.23
17.769
28.201
26.339
21.295
16.715
31.402
31.441
22.124
28.892
29.365
25.494
25.269
17.125
31.2
28.63
28.751
27.11
28.59
27.19
20.535
16.419
31.004
27.252
24.213
18.489
25.619
31.263
21.909
20.064
31.98
17.554
32.271
25.572
25.999
22.815
17.705
23.432
20.364
18.125
26.868
26.237
29.742
29.773
25.909
23.068
20.017
27.502
30.038
27.225
31.143
26.388
31.277
21.085
29.95
32.203
28.414
22.651
25.254
24.49
21.073
20.134
21.307
29.56
23.282
27.987
29.718
18.853
31.821
29.677
29.301
18.959
32.604
18.964
28.723
26.384
26.216
24.395
29.555
19.314
21.719
26.552
19.971
20.908
19.4
25.825
32.57
19.313
28.794
23.82
23.908
23.872
23.264
19.801
17.878
25.134
28.145
20.594
24.318
31.455
21.408
31.583
17.556
21.46
21.004
30.913
26.876
27.19
18.549
22.117
28.825
28.8
27.588
21.519
27.645
27.253
21.674
27.408
31.761
18.004
24.952
27.917
25.553
19.052
16.656
31.798
21.056
19.358
30.526
20.131
18.414
17.143
20.895
18.693
17.066
21.882
31.094
20.464
25.359
22.561
27.722
18.53
31.556
29.313
22.081
25.001
26.378
19.507
19.638
23.747
17.099
32.01
31.011
20.309
19.115
17.543
20.516
32.673
29.04
17.838
32.635
26.874
16.568
19.104
26.025
17.954
28.899
31.52
17.566
22.644
31.393
29.187
25.801
26.085
27.062
20.099
32.335
18.582
29.644
17.428
29.788
22.044
27.11
21.144
32.446
32.652
21.558
26.806
21.889
29.07
31.494
21.144
26.417
21.999
18.631
23.674
21.289
21.273
25.972
29.447
22.56
32.528
29.916
30.048
19.471
19.697
24.383
29.058
32.675
25.912
22.215
29.228
30.78
27.719
26.192
23.215
22.073
21.193
20.884
23.457
16.486
18.998
17.757
28.545
30.367
18.26
20.72
31.854
25.82
31.609
28.255
21.11
28.524
26.164
19.838
17.554
19.148
23.916
30.011
16.682
29.438
28.743
20.568
30.473
20.763
23.578
21.253
27.725
30.407
24.173
27.195
24.811
30.454
27.643
21.932
17.186
26.947
25.197
25.354
29.466
25.166
31.582
19.994
17.998
28.133
25.144
23.774
27.319
23.952
25.319
22.003
28.849
27.984
19.87
16.664
18.342
20.332
23.315
20.427
28.471
25.517
28.634
26.813
19.431
16.712
29.224
21.376
18.01
26.139
27.472
29.292
24.277
27.056
23.883
30.884
27.66
17.699
31.381
25.069
27.627
22.574
24.642
31.475
17.369
21.992
24.31
19.291
26.026
19.016
24.121
26.381
18.281
27.518
19.447
28.795
29.285
21.038
23.357
27.177
17.189
17.233
30.988
24.79
31.928
20.341
30.283
26.269
30.662
30.048
17.68
23.016
18.883
17.661
30.304
17.5
28.011
23.997
17.85
17.502
20.101
28.633
31.154
19.228
21.938
24.279
28.208
26.816
18.434
25.063
18.352
17.337
25.058
16.713
25.436
32.293
32.58
21.878
16.881
23.841
26.772
27.623
23.668
29.546
28.754
19.787
20.251
29.275
27.039
16.502
28.348
20.864
23.646
18.652
32.039
19.431
22.77
20.828
20.359
25.671
31.935
22.474
20.419
28.155
23.705
25.053
32.169
30.222
24.644
16.425
30.926
22.315
22.489
21.756
24.046
22.169
24.844
19.726
31.225
31.58
24.765
18.045
20.913
29.086
23.279
23.199
25.41
23.094
16.558
22.563
23.154
25.363
24.066
30.38
23.98
21.983
28.301
31.643
28.11
30.277
24.236
26.105
32.365
16.759
28.265
24.158
22.934
19.326
24.32
23.679
22.183
23.947
32.649
17.251
22.358
21.762
22.589
23.952
32.709
31.79
28.873
23.712
26.261
26.341
31.749
30.078
22.067
26.555
18.438
16.696
16.8
16.721
32.735
23.096
23.124
30.968
27.592
16.97
30.172
26.321
29.716
16.901
28.494
24.409
20.451
26.426
31.787
16.841
27.321
30.539
29.909
27.447
30.048
23.379
17.564
32.113
24.998
27.594
26.637
27.889
31.277
27.03
26.761
22.189
17.118
16.545
30.497
26.643
28.689
27.464
24.671
20.164
23.743
31.856
28.583
20.884
31.997
29.891
24.547
18.458
28.644
32.681
21.443
20.834
18.434
29.534
27.267
25.753
30.894
25.5
24.294
21.63
32.385
21.909
29.641
20.663
16.538
22.336
24.877
32.069
30.393
18.143
19.375
25.162
18.41
28.658
26.238
24.243
29.754
17.443
16.926
24.955
20.522
30.795
25.142
31.375
20.394
20.87
19.672
32.615
31.393
30.471
30.789
20.945
19.04
28.728
26.012
22.219
23.332
32.182
32.228
19.42
18.759
19.331
20.652
19.668
25.587
23.812
19.671
24.649
22.944
32.073
32.518
16.983
30.101
26.488
20.923
21.123
28.645
27.788
22.415
23.412
17.263
18.09
24.706
29.751
16.853
32.157
27.311
31.326
30.696
27.155
32.533
16.392
20.652
29.386
23.105
24.166
20.367
18.867
24.456
31.036
18.068
18.037
19.633
25.673
17.087
28.547
21.525
17.709
27.955
20.336
21.988
25.202
22.557
18.687
31.631
31.118
17.166
16.508
28.281
17.064
30.936
31.104
26.096
22.832
26.946
28.897
21.667
22.415
23.846
24.594
18.213
28.859
28.74
26.761
29.109
22.268
18.069
17.422
17.42
18.51
16.582
20.952
20.644
30.111
25.948
17.36
31.171
29.416
23.978
25.925
22.402
23.888
17.356
19.648
30.105
30.903
31.106
27.101
25.218
26.793
28.855
25.015
30.627
16.392
16.739
18.282
26.548
17.924
19.817
25.938
20.936
32.696
19.684
30.478
25.685
27.868
17.511
20.996
29
24.295
24.341
27.667
20.582
23.027
23.37
30.895
27.627
22.934
31.584
31.281
25.763
30.284
32.067
26.55
20.682
26.875
19.985
21.446
30.399
19.698
20.28
26.229
31.287
27.447
25.714
30.318
21.92
25.225
29.707
29.889
21.935
18.9
27.374
30.556
29.66
26.995
21.17
32.131
20.946
18.079
16.807
25.227
17.446
27.014
22.985
27.383
24.915
21.329
20.59
18.684
23.525
17.987
18.406
16.698
23.797
29.064
18.602
26.253
26.879
21.919
19.009
24.63
26.166
31.026
19.959
27.636
26.443
16.989
30.804
28.206
31.902
22.149
26.52
32.058
22.619
21.279
30.698
22.836
22.917
29.303
26.359
26.762
18.391
26.873
22.132
18.572
31.139
30.533
23.128
18.146
18.708
28.88
21.16
21.62
16.401
27.257
21.302
31.956
16.744
18.917
31.108
30.531
26.334
17.18
32.661
31.934
22.566
19.009
29.454
22.429
31.057
24.292
32.455
25.531
21.06
23.428
32.481
23.652
30.212
20.844
32.718
30.89
21.053
25.258
19.941
19.302
21.804
28.905
18.386
19.381
26.698
19.493
20.236
27.861
31.589
22.62
26.821
23.647
25.334
20.137
31.58
23.896
29.872
31.999
20.962
16.893
28.978
18.149
28.359
20.272
25.801
30.877
28.745
25.57
22.839
29.896
23.741
21.721
31.063
17.899
29.169
17.144
24.135
31.657
17.407
17.223
16.957
23.55
19.984
30.606
29.858
20.431
30.426
30.531
27.863
31.841
18.924
26.626
30.178
27.191
28.405
25.167
19.934
27.377
31.12
27.744
31.865
20.796
32.113
29.5
32.217
32.676
18.128
31.98
28.017
27.155
29.354
26.724
29.411
30.182
27.503
19.257
32.093
31.324
29.002
28.479
22.044
20.361
18.916
31.755
19.365
29.974
30.971
20.948
20.671
21.786
23.254
27.712
23.256
19.677
31.218
16.398
22.45
22.965
18.02
24.212
20.071
31.979
23.54
27.811
31.632
27.144
32.235
16.91
23.853
24.677
30.575
32.125
30.365
19.781
32.495
32.217
17.901
27.658
29.69
19.358
19.238
29.081
17.835
28.757
24.353
23.569
24.073
17.449
28.38
32.46
30.247
21.2
28.989
28.092
19.418
19.581
23.258
18.561
18.135
32.18
29.233
31.934
30.327
18.776
22.645
16.932
30.746
27.939
26.567
26.894
23.384
30.552
18.351
30.737
26.697
17.013
26.28
17.677
31.902
27.777
19.095
28.369
23.52
17.92
19.015
32.28
20.379
22.296
21.131
31.464
20.263
19.778
24.075
19.023
16.949
24.561
29.925
28.133
20.367
17.524
29.283
28.934
26.928
27.188
26.991
22.37
16.832
31.261
29.795
20.791
16.851
32.422
28.775
26.087
25.112
17.842
30.982
27.091
20.612
29.562
19.167
17.586
20.929
29.3
22.091
24.528
20.427
23.315
25.659
30.303
28.622
19.147
30.805
18.584
26.814
24.235
20.03
27.447
27.585
26.885
27.109
24.171
29.419
18.843
26.269
31.996
23.723
18.26
29.671
28.795
20.881
30.793
17.877
32.401
29.856
29.909
28.58
30.017
28.22
25.095
17.401
23.27
19.159
23.354
30.302
28.175
25.097
23.508
18.495
24.255
23.251
24.218
27.342
19.185
28.292
22.127
26.923
28.202
21.48
29.047
17.033
32.385
30.652
32.753
22.864
29.242
20.701
17.382
21.499
30.475
24.755
29.963
17.755
17.981
30.634
25.338
18.791
29.302
18.018
26.256
29.923
17.046
31.082
25.518
21.276
28.595
26.436
28.487
20.685
23.676
24.84
26.799
31.56
19.078
31.906
24.989
24.091
16.617
26.224
18.166
16.709
28.119
31.656
26.54
31.665
16.891
31.764
29.818
16.997
29.118
31.812
29.803
29.952
24.023
22.237
23.939
32.169
29.056
23.58
19.392
31.779
31.332
19.25
31.834
29.916
31.947
26.512
27.095
19.695
21.404
24.167
18.283
24.376
20.538
24.18
23.843
20.948
31.984
23.522
28.983
28.646
30
22.41
28.751
29.154
28.168
28.126
25.557
21.961
25.899
17.198
23.284
21.795
26.692
19.777
31.729
22.876
29.07
32.141
21.951
23.596
32.446
30.344
23.309
21.636
19.194
28.624
31.777
21.991
16.597
16.875
17.962
26.04
17.052
21.17
24.549
30.387
21.647
23.859
25.128
23.563
31.569
16.672
25.985
30.563
23.181
32.182
17.563
25.281
30.411
23.01
16.817
