22.914
18.428
29.471
4.596
2.28
19.749
23.249
24.979
16.68
32.074
21.75
5.037
2.182
20.589
6.42
25.337
19.179
28.324
11.132
3.292
12.6
31.261
3.892
2.956
0.73
14.943
21.557
15.221
17.823
3.282
21.974
28.636
4.039
16.002
15.753
15.042
16.479
13.088
7.621
27.659
4.554
32.074
14.659
3.039
15.009
19.467
19.053
21.585
4.285
20.902
24.34
28.222
25.233
1.935
7.265
30.072
31.421
29.627
32.526
2.084
0.481
21.273
27.605
25.953
12.975
19.809
9.257
24.363
5.189
5.644
29.477
9.086
11.961
7.843
9.922
8.382
28.149
15.933
10.572
2.39
9.925
29.252
20.247
15.008
29.23
7.287
11.374
2.821
21.25
25.141
1.996
17.253
22.961
4.344
15.439
18.36
14.946
11.296
8.297
13.046
2.37
2.034
17.625
27.189
4.38
5.6
8.153
27.409
30.763
17.93
30.873
22.865
10.028
8.71
9.965
4.04
9.91
1.244
31.554
14.456
26.318
5.205
25.303
12.286
9.399
24.438
7.21
14.378
25.351
17.991
4.016
15.853
10.24
3.801
8.392
13.944
30.236
19.334
2.802
22.434
13.034
30.331
7.996
12.17
28.697
26.228
30.206
24.446
19.154
0.199
26.823
32.284
21.836
19.62
26.775
25.783
16.026
19.355
1.103
27.645
11.463
15.198
13.157
23.51
32.036
9.417
14.556
4.751
24.289
23.583
12.916
10.039
31.707
22.167
10.27
2.889
9.141
30.999
12.21
28.556
11.562
17.471
30.948
28.728
0.417
0.425
21.877
19.546
1.794
22.127
4.518
11.385
23.497
24.302
12.53
15.482
6.489
14.282
25.34
7.361
4.242
6.195
17.607
28.313
13.477
24.934
16.933
32.726
10.279
18.294
11.122
22.969
8.293
30.54
21.377
14.099
4.856
24.044
18.903
9.645
24.985
29.947
1.303
22.248
30.774
14.462
4.542
25.505
4.421
10.725
6.416
1.879
5.208
1.096
21.587
5.776
17.137
1.52
16.442
13.432
10.136
29.465
9.38
3.02
31.532
13.814
17.543
3.83
29.815
16.374
18.982
0.89
13.828
4.166
17.291
23.696
20.021
0.919
17.201
10.514
32.144
20.769
30.977
6.297
14.17
22.76
22.399
23.524
4.199
10.046
6.47
25.721
4.144
20.873
15.026
18.318
6.182
4.166
15.324
18.473
21.83
14.926
16.075
19.591
28.654
1.368
21.992
17.083
28.143
12.224
5.811
14.487
31.459
30.599
17.589
10.959
2.753
0.666
10.421
20.316
2.734
7.255
26.671
24.351
5.142
27.725
28.93
8.903
22.012
2.627
19.817
18.164
10.382
4.988
29.74
15.26
32.509
9.53
26.904
8.879
11.147
24.705
16.812
4.598
10.726
23.325
25.109
11.329
25.524
8.679
1.629
21.953
9.071
12.355
27.615
1.971
10.611
0.237
12.03
1.854
5.973
7.158
12.566
0.927
9.591
17.929
6.835
24.451
22.233
13.555
19.969
10.676
7.986
28.002
23.94
2.296
12.096
11.757
23.305
7.991
23.388
2.901
4.829
10.203
20.561
8.715
1.852
21.884
2.67
0.242
16.396
12.989
17.114
12.645
17.1
2.673
18.216
0.124
18.119
6.915
28.459
28.043
31.117
6.42
9.484
25.068
26.531
17.765
13.209
5.631
23.93
6.648
20.192
18.286
21.662
21.106
2.813
9.398
16.688
21.444
13.616
4.579
21.398
14.09
17.203
10.906
0.625
31.667
19.658
9.565
28.879
9.443
17.307
31.755
1.187
17.941
23.872
32.166
16.754
17.157
25.499
11.609
15.182
18.125
24.425
4.794
13.832
13.902
20.762
24.396
17.57
8.657
27.617
3.4
32.003
31.214
1.799
23.453
5.102
2.99
14.724
19.253
30.005
2.028
21.456
0.378
11.306
6.657
11.255
13.337
12.375
20.896
28.652
0.517
27.247
25.598
29.215
24
1.412
2.102
9.297
27.862
24.697
29.421
13.479
0.17
13.243
13.617
0.254
3.188
16.172
0.679
21.631
15.499
5.216
8.934
9.075
4.832
20.748
4.638
14.68
11.467
23.995
5.373
3.38
5.643
1.219
17.363
12.329
19.72
30.072
20.724
2.634
23.642
1.951
3.678
22.957
11.663
21.286
30.363
10.177
31.017
28.69
15.593
10.466
30.695
29.368
10.393
14.891
14.662
30.768
16.309
29.068
17.222
22.279
1.253
29.724
24.433
18.484
19.603
1.712
14.618
7.245
27.982
3.244
12.515
20.731
20.332
26.905
2.434
6.828
8.18
30.2
20.932
13.959
10.939
1.494
12.241
6.309
8.14
9.121
29.107
19.07
18.445
1.21
1.81
3.489
27.936
24.907
18.497
5.801
30.856
9.947
11.903
29.804
3.597
14.624
24.95
30.581
9.569
13.588
15.88
11.701
26.371
27.211
14.923
18.037
20.58
32.387
19.154
29.327
25.417
28.541
11.567
5.342
25.712
26.379
15.285
22.259
28.022
5.483
11.907
30.217
22.008
1.491
28.094
23.611
14.329
8.525
22.813
23.029
4.995
21.445
10.411
5.033
21.905
1.888
19.144
30.659
17.965
27.152
25.457
20.702
8.662
12.646
20.674
18.488
25.124
20.647
22.713
27.747
31.151
21.793
25.661
4.158
1.836
23.743
27.487
5.668
17.369
23.26
30.431
31.587
12.572
8.021
23.282
14.32
18.79
21.474
3.906
18.009
14.43
25.51
18.487
26.618
24.124
0.26
13.685
31.092
8.818
15.797
2.47
27.483
22.93
26.903
12.153
13.103
17.004
10.44
20.458
18.574
24.182
32.628
3.525
0.679
10.61
13.803
6.757
27.122
29.77
23.159
1.986
21.023
26.431
19.052
31.659
20.556
28.482
31.232
10.319
24.954
6.818
28.253
11.778
21.826
10.472
7.669
19.006
20.676
20.992
11.03
30.696
32.225
2.201
11.454
25.813
15.018
15.309
31.152
24.717
23.831
23.557
10.695
10.319
24.317
10.007
16.779
13.397
1.594
32.69
15.362
27.224
23.858
21.5
26.313
22.871
3.968
22.393
17.506
25.237
32.485
5.167
26.832
29.665
9.348
5.896
1.121
14.105
4.69
15.223
4.3
23.281
10.44
23.134
21.627
22.769
21.723
24.624
12.33
23.741
27.181
3.667
27.313
12.441
28.037
27.592
28.446
21.292
25.469
10.509
12.551
6.788
30.586
31.554
11.039
2.139
3.809
12.94
11.27
13.209
7.304
4.023
25.958
27.418
18.539
7.455
28.987
30.128
16.289
3.792
16.754
4.972
16.526
28.14
11.702
9.241
14.169
4.941
4.999
5.898
32.416
13.676
15.5
2.07
6.251
3.457
32.554
11.744
29.535
22.508
19.797
32.092
4.149
13.268
9.638
9.87
7.018
9.742
6.83
20.117
20.279
17.216
25.739
10.985
12.739
17.734
12.472
25.057
0.92
4.052
9.258
21.624
29.267
26.717
17.304
13.648
25.504
25.908
13.85
4.343
27.75
22.514
5.621
11.114
18.495
14.103
17.333
22.231
25.899
19.188
28.541
10.151
22.405
8.648
19.612
10.684
18.998
3.881
9.056
31.479
16.168
15.013
13.615
28.414
13.31
0.426
9.939
8.252
32.514
12.451
25.878
4.649
30.814
22.372
14.223
18.635
17.296
15.56
30.139
31.101
19.736
13.72
4.688
14.575
20.595
25.263
28.877
19.054
31.309
6.748
14.678
29.797
31.475
0.264
7.871
32.292
7.431
5.401
19.175
15.073
13.431
12.822
25.927
17.916
31.151
20.235
26.57
21.64
9.486
31.791
13.791
16.39
24.215
25.54
10.701
11.891
21.994
21.055
3.144
31.622
5.746
2.473
10.817
18.227
27.615
25.669
32.002
19.827
27.351
2.675
6.265
27.463
29.16
16.34
21.46
29.946
14.018
2.991
24.655
16.807
13.219
16.531
16.97
4.092
2.322
10.046
24.735
10.301
10.192
20.67
7.73
24.46
22.284
21.462
12.746
24.679
27.35
31.139
12.319
23.666
16.086
7.551
31.796
2.935
18.75
17.446
4.582
7.083
23.037
11.8
24.261
30.515
23.094
26.942
7.46
0.742
8.176
9.679
25.964
14.933
10.767
21.109
27.062
19.72
22.659
17.324
3.992
8.459
29.887
27.243
23.614
24.234
7.788
24.071
26.301
27
28.767
15.7
17.573
27.286
29.129
11.021
9.429
20.529
10.158
26.998
3.22
26.189
23.193
22.847
27.357
27.841
25.741
24.492
30.201
20.099
6.974
30.707
1.876
24.102
10.881
29.67
27.017
15.265
29.442
12.241
19.647
18.258
16.693
15.782