# f(x) = -3
#             x               y
      -50.00000        -3.78781
      -49.50000        -2.20693
      -49.00000         0.85587
      -48.50000        -3.91292
      -48.00000        -3.43290
      -47.50000        -1.85504
      -47.00000        -1.91366
      -46.50000        -2.17018
      -46.00000        -3.35414
      -45.50000        -2.60994
      -45.00000        -0.21872
      -44.50000        -2.82117
      -44.00000        -4.10160
      -43.50000        -3.36545
      -43.00000        -3.36954
      -42.50000        -3.35006
      -42.00000        -2.61037
      -41.50000        -3.04331
      -41.00000        -1.33760
      -40.50000         0.73739
      -40.00000        -0.71934
      -39.50000        -0.59828
      -39.00000        -4.46943
      -38.50000        -2.28218
      -38.00000        -4.02275
      -37.50000        -6.07333
      -37.00000        -3.88620
      -36.50000        -2.78456
      -36.00000        -2.11228
      -35.50000        -2.05185
      -35.00000        -2.71240
      -34.50000        -5.86478
      -34.00000        -2.07344
      -33.50000        -2.44137
      -33.00000        -2.81180
      -32.50000        -4.71044
      -32.00000        -3.33662
      -31.50000        -5.34954
      -31.00000        -2.36268
      -30.50000        -3.51093
      -30.00000        -2.34161
      -29.50000        -2.19094
      -29.00000        -0.66292
      -28.50000        -5.25456
      -28.00000        -4.57008
      -27.50000        -4.36144
      -27.00000        -3.35030
      -26.50000        -4.14960
      -26.00000        -2.76322
      -25.50000        -3.59297
      -25.00000        -4.41232
      -24.50000        -4.43117
      -24.00000        -1.83405
      -23.50000        -0.46429
      -23.00000        -1.86677
      -22.50000        -2.23975
      -22.00000        -3.11124
      -21.50000        -5.17613
      -21.00000        -0.49267
      -20.50000        -3.32446
      -20.00000        -3.08967
      -19.50000        -2.04196
      -19.00000        -2.55184
      -18.50000        -3.71819
      -18.00000        -0.85875
      -17.50000        -5.48103
      -17.00000        -0.79290
      -16.50000        -1.97663
      -16.00000        -1.50312
      -15.50000        -5.86662
      -15.00000        -3.81309
      -14.50000        -3.64146
      -14.00000        -3.49426
      -13.50000        -0.99990
      -13.00000        -2.98534
      -12.50000        -2.58010
      -12.00000        -1.14397
      -11.50000        -4.13952
      -11.00000        -4.51015
      -10.50000        -2.28234
      -10.00000        -3.02052
       -9.50000        -4.10509
       -9.00000        -0.12770
       -8.50000        -2.93089
       -8.00000        -1.38030
       -7.50000        -4.65378
       -7.00000        -3.18731
       -6.50000        -4.09571
       -6.00000        -1.13971
       -5.50000        -2.52551
       -5.00000        -3.70090
       -4.50000        -3.73147
       -4.00000        -0.98904
       -3.50000        -3.15682
       -3.00000        -4.83112
       -2.50000        -2.97915
       -2.00000        -0.68979
       -1.50000        -3.94004
       -1.00000        -5.51745
       -0.50000        -2.21488
        0.00000        -1.81336
        0.50000        -1.33406
        1.00000        -0.32296
        1.50000        -3.29802
        2.00000        -4.34116
        2.50000        -3.47029
        3.00000        -2.67102
        3.50000         0.15144
        4.00000        -3.25685
        4.50000        -4.37628
        5.00000        -2.02407
        5.50000        -6.03358
        6.00000        -3.77211
        6.50000        -6.41389
        7.00000        -1.69352
        7.50000        -3.68952
        8.00000        -3.49640
        8.50000        -5.57933
        9.00000        -0.58502
        9.50000        -2.32072
       10.00000        -4.06936
       10.50000        -2.08082
       11.00000        -1.31585
       11.50000        -3.50778
       12.00000        -2.99655
       12.50000        -1.50590
       13.00000        -2.85366
       13.50000        -3.90617
       14.00000        -2.78695
       14.50000        -5.08059
       15.00000        -1.42626
       15.50000        -2.41848
       16.00000        -2.14093
       16.50000        -4.64686
       17.00000        -3.73864
       17.50000        -2.53962
       18.00000        -3.24339
       18.50000        -2.42263
       19.00000        -4.87383
       19.50000        -4.43381
       20.00000        -3.98793
       20.50000        -2.35989
       21.00000        -1.75632
       21.50000        -2.22693
       22.00000        -2.10651
       22.50000        -0.79640
       23.00000        -3.64941
       23.50000        -3.93370
       24.00000        -2.48632
       24.50000        -2.40851
       25.00000        -3.35354
       25.50000        -3.46955
       26.00000        -2.95051
       26.50000        -3.45182
       27.00000        -4.49356
       27.50000        -3.17590
       28.00000        -1.35067
       28.50000        -1.78273
       29.00000        -2.88031
       29.50000        -4.17398
       30.00000        -3.43846
       30.50000        -5.06524
       31.00000        -1.47331
       31.50000        -4.63117
       32.00000        -3.53416
       32.50000        -5.25755
       33.00000         0.69126
       33.50000        -1.45564
       34.00000        -2.39973
       34.50000        -4.58514
       35.00000        -2.99258
       35.50000        -2.16892
       36.00000        -2.67573
       36.50000        -2.29634
       37.00000        -4.57871
       37.50000        -3.83531
       38.00000        -3.00469
       38.50000        -2.94511
       39.00000        -4.18380
       39.50000        -2.63185
       40.00000        -4.31804
       40.50000        -3.20236
       41.00000        -2.11356
       41.50000        -3.47169
       42.00000        -4.10206
       42.50000        -1.91261
       43.00000        -3.59300
       43.50000        -4.97949
       44.00000        -0.54970
       44.50000        -1.00747
       45.00000        -6.60158
       45.50000        -5.50441
       46.00000        -1.15157
       46.50000        -0.45440
       47.00000        -2.59961
       47.50000        -2.62896
       48.00000        -1.78478
       48.50000        -0.84850
       49.00000        -1.42788
       49.50000        -5.98553
       50.00000        -4.16121
