# f(x) = 5.5x - 3.3
#             x               y
      -50.00000      -278.82520
      -49.50000      -275.02127
      -49.00000      -270.22940
      -48.50000      -270.65860
      -48.00000      -267.58859
      -47.50000      -263.78668
      -47.00000      -261.07574
      -46.50000      -258.49677
      -46.00000      -256.53607
      -45.50000      -253.28996
      -45.00000      -248.94582
      -44.50000      -247.93079
      -44.00000      -246.03441
      -43.50000      -242.79364
      -43.00000      -240.04636
      -42.50000      -237.28339
      -42.00000      -234.04025
      -41.50000      -231.57887
      -41.00000      -227.69174
      -40.50000      -223.55841
      -40.00000      -221.77957
      -39.50000      -218.94885
      -39.00000      -218.77962
      -38.50000      -214.57146
      -38.00000      -212.98184
      -37.50000      -211.59889
      -37.00000      -207.39081
      -36.50000      -203.90637
      -36.00000      -200.70819
      -35.50000      -197.91791
      -35.00000      -195.60826
      -34.50000      -194.95985
      -34.00000      -189.68230
      -33.50000      -187.17758
      -33.00000      -184.67453
      -32.50000      -183.19029
      -32.00000      -179.52441
      -31.50000      -178.11636
      -31.00000      -173.37512
      -30.50000      -171.39063
      -30.00000      -167.86108
      -29.50000      -165.01064
      -29.00000      -161.24194
      -28.50000      -161.55304
      -28.00000      -158.34673
      -27.50000      -155.45763
      -27.00000      -152.03354
      -26.50000      -149.81641
      -26.00000      -146.14215
      -25.50000      -143.94531
      -25.00000      -141.74155
      -24.50000      -139.00412
      -24.00000      -134.52271
      -23.50000      -130.85953
      -23.00000      -129.04453
      -22.50000      -126.54317
      -22.00000      -124.37416
      -21.50000      -123.00076
      -21.00000      -117.12845
      -20.50000      -116.26631
      -20.00000      -113.35978
      -19.50000      -109.91131
      -19.00000      -107.50123
      -18.50000      -105.52880
      -18.00000      -100.87250
      -17.50000      -101.20403
      -17.00000       -95.32860
      -16.50000       -93.36776
      -16.00000       -90.30209
      -15.50000       -90.46108
      -15.00000       -86.34206
      -14.50000       -83.47765
      -14.00000       -80.62951
      -13.50000       -76.21661
      -13.00000       -74.79023
      -12.50000       -71.77007
      -12.00000       -68.06264
      -11.50000       -67.30968
      -11.00000       -64.80676
      -10.50000       -60.57156
      -10.00000       -58.31367
       -9.50000       -56.28672
       -9.00000       -50.88514
       -8.50000       -50.00392
       -8.00000       -46.22020
       -7.50000       -45.65252
       -7.00000       -41.92487
       -6.50000       -39.78047
       -6.00000       -35.05981
       -5.50000       -33.23367
       -5.00000       -31.26727
       -4.50000       -28.53764
       -4.00000       -23.95936
       -3.50000       -22.65454
       -3.00000       -21.02074
       -2.50000       -17.03610
       -2.00000       -12.75986
       -1.50000       -12.17669
       -1.00000       -10.47830
       -0.50000        -5.52658
        0.00000        -2.50891
        0.50000         0.56063
        1.00000         3.98470
        1.50000         4.75132
        2.00000         6.80589
        2.50000        10.13647
        3.00000        13.41932
        3.50000        18.05096
        4.00000        18.52876
        4.50000        20.53248
        5.00000        24.85062
        5.50000        24.92761
        6.00000        29.18526
        6.50000        30.17408
        7.00000        36.07098
        7.50000        37.49032
        8.00000        40.36906
        8.50000        41.73045
        9.00000        47.80999
        9.50000        49.40285
       10.00000        50.98709
       10.50000        55.06279
       11.00000        58.32277
       11.50000        59.61148
       12.00000        62.70230
       12.50000        66.44606
       13.00000        68.29755
       13.50000        70.34588
       14.00000        73.84203
       14.50000        75.06293
       15.00000        80.24915
       15.50000        82.33768
       16.00000        85.27271
       16.50000        86.35209
       17.00000        89.70757
       17.50000        93.25692
       18.00000        95.53773
       18.50000        98.83492
       19.00000        99.95078
       19.50000       102.99413
       20.00000       106.04138
       20.50000       109.87674
       21.00000       113.02911
       21.50000       115.46538
       22.00000       118.29566
       22.50000       121.91907
       23.00000       122.76706
       23.50000       125.32753
       24.00000       129.04245
       24.50000       131.84433
       25.00000       133.96431
       25.50000       136.63696
       26.00000       139.73299
       26.50000       142.14879
       27.00000       144.20428
       27.50000       147.83273
       28.00000       151.79955
       28.50000       154.26151
       29.00000       156.27979
       29.50000       158.16734
       30.00000       161.40768
       30.50000       163.07317
       31.00000       168.21779
       31.50000       168.86255
       32.00000       172.34389
       32.50000       173.94496
       33.00000       180.66084
       33.50000       181.97957
       34.00000       184.10017
       34.50000       185.39323
       35.00000       189.20494
       35.50000       192.50406
       36.00000       194.91617
       36.50000       197.91910
       37.00000       199.14752
       37.50000       202.39313
       38.00000       205.69687
       38.50000       208.48659
       39.00000       210.41080
       39.50000       214.19543
       40.00000       215.82130
       40.50000       219.31509
       41.00000       222.79095
       41.50000       224.63554
       42.00000       226.96529
       42.50000       231.17493
       43.00000       232.80466
       43.50000       234.63034
       44.00000       240.33353
       44.50000       242.77835
       45.00000       241.79893
       45.50000       245.28040
       46.00000       250.93228
       46.50000       254.14706
       47.00000       255.46692
       47.50000       258.19739
       48.00000       261.51016
       48.50000       264.88434
       49.00000       267.24808
       49.50000       266.95966
       50.00000       270.92587

